[gd_scene load_steps=18 format=2]

[ext_resource path="res://mobiles/armatures/armature.tscn" type="PackedScene" id=1]
[ext_resource path="res://data/assets/3d/skeletons/humanoid.tscn" type="PackedScene" id=2]
[ext_resource path="res://mobiles/armatures/armature_animator.tscn" type="PackedScene" id=3]
[ext_resource path="res://data/assets/3d/animations/humanoid/Idle.anim" type="Animation" id=4]
[ext_resource path="res://data/assets/3d/animations/humanoid/Fall.anim" type="Animation" id=5]
[ext_resource path="res://data/assets/3d/animations/humanoid/Walk.anim" type="Animation" id=6]
[ext_resource path="res://data/assets/3d/animations/humanoid/Run.anim" type="Animation" id=7]
[ext_resource path="res://data/assets/3d/animations/humanoid/Jump.anim" type="Animation" id=8]
[ext_resource path="res://data/assets/3d/animations/humanoid/Sit.anim" type="Animation" id=9]
[ext_resource path="res://components/hitbox/hitbox.tscn" type="PackedScene" id=18]

[sub_resource type="BoxShape" id=5]
resource_local_to_scene = true
extents = Vector3( 0.104301, 0.178361, 0.296971 )

[sub_resource type="BoxShape" id=6]
resource_local_to_scene = true
extents = Vector3( 0.1, 0.1, 0.2 )

[sub_resource type="BoxShape" id=7]
resource_local_to_scene = true
extents = Vector3( 0.2, 1, 0.2 )

[sub_resource type="AnimationNodeAnimation" id=1]
resource_local_to_scene = true

[sub_resource type="AnimationNodeAnimation" id=2]
resource_local_to_scene = true

[sub_resource type="AnimationNodeOneShot" id=3]
resource_local_to_scene = true
fadein_time = 0.0
fadeout_time = 0.0

[sub_resource type="AnimationNodeBlendTree" id=4]
resource_local_to_scene = true
graph_offset = Vector2( 0, 51.6667 )
nodes/Action/node = SubResource( 1 )
nodes/Action/position = Vector2( 373.333, 240 )
"nodes/Animation 2/node" = SubResource( 2 )
"nodes/Animation 2/position" = Vector2( 373.333, 53.3333 )
nodes/OneShot/node = SubResource( 3 )
nodes/OneShot/position = Vector2( 640, 80 )
nodes/output/position = Vector2( 853.333, 106.667 )
node_connections = [ "output", 0, "OneShot", "OneShot", 0, "Animation 2", "OneShot", 1, "Action" ]

[node name="Armature" instance=ExtResource( 1 )]

[node name="Skeleton" parent="." index="0" instance=ExtResource( 2 )]

[node name="Mainhand" type="BoneAttachment" parent="Skeleton" index="0"]
transform = Transform( -1, 2.68221e-07, -1.02427e-05, -1.01011e-05, 0.184339, 0.98285, 2.05636e-06, 0.982862, -0.184344, -0.316154, 1.05762, 0.0062869 )
bone_name = "weapon.r"

[node name="Hitbox" parent="Skeleton/Mainhand" index="0" instance=ExtResource( 18 )]

[node name="CollisionShape" parent="Skeleton/Mainhand/Hitbox" index="0"]
shape = SubResource( 5 )

[node name="Offhand" type="BoneAttachment" parent="Skeleton" index="1"]
transform = Transform( -1, -2.16067e-07, 1.09035e-05, 1.07903e-05, 0.184339, 0.982849, -2.13832e-06, 0.982862, -0.184344, 0.316154, 1.05762, 0.00628685 )
bone_name = "weapon.l"

[node name="Hitbox" parent="Skeleton/Offhand" index="0" instance=ExtResource( 18 )]

[node name="CollisionShape" parent="Skeleton/Offhand/Hitbox" index="0"]
shape = SubResource( 6 )

[node name="Hitbox" type="BoneAttachment" parent="Skeleton" index="2"]
transform = Transform( 1, 8.71011e-08, 2.52802e-07, -1.36371e-07, 0.979369, 0.202002, -2.29996e-07, -0.202008, 0.979384, 3.76417e-08, 1.34763, -0.0640507 )
bone_name = "Spine2"

[node name="Hitbox" parent="Skeleton/Hitbox" index="0" instance=ExtResource( 18 )]
state = 1

[node name="CollisionShape" parent="Skeleton/Hitbox/Hitbox" index="0"]
shape = SubResource( 7 )

[node name="ArmatureAnimator" parent="." index="1" instance=ExtResource( 3 )]
anims/Fall = ExtResource( 5 )
anims/Idle = ExtResource( 4 )
anims/Jump = ExtResource( 8 )
anims/Run = ExtResource( 7 )
anims/Sit = ExtResource( 9 )
anims/Walk = ExtResource( 6 )

[node name="AnimationTree" parent="ArmatureAnimator" index="0"]
tree_root = SubResource( 4 )
anim_player = NodePath("/root/EditorNode/@@592/@@593/@@601/@@603/@@607/@@611/@@612/@@613/@@629/@@630/@@639/@@640/@@6279/@@6113/@@6114/@@6115/@@6116/@@6117/Armature/ArmatureAnimator")
root_motion_track = NodePath("Armature/Skeleton:root")

[node name="Overledge" parent="Sensors" index="0"]
transform = Transform( 1, 0, 0, 0, 1, 0, 0, 0, 1, 0, 2.3228, 0 )

[editable path="Skeleton/Mainhand/Hitbox"]
[editable path="Skeleton/Offhand/Hitbox"]
[editable path="Skeleton/Hitbox/Hitbox"]
[editable path="ArmatureAnimator"]
[editable path="Sensors"]
