[gd_scene format=2]

[node name="Skeleton" type="Skeleton"]
bones/0/name = "Root"
bones/0/parent = -1
bones/0/rest = Transform( -1, 0, 0, 0, 0, 1, 0, 1, 0, 0, 0.0146263, 0.012701 )
bones/0/enabled = true
bones/0/bound_children = [  ]
bones/1/name = "Spine1"
bones/1/parent = 0
bones/1/rest = Transform( -0.99968, 0.0160917, -0.0195136, -0.0192636, 0.015548, 0.999693, 0.0163901, 0.999749, -0.0152332, -0.00322446, -0.0369147, 1.03335 )
bones/1/enabled = true
bones/1/bound_children = [  ]
bones/2/name = "Spine2"
bones/2/parent = 1
bones/2/rest = Transform( 0.999615, 0.0200579, -0.0191571, -0.0175974, 0.992503, 0.120946, 0.0214394, -0.120562, 0.992474, 2.22644e-09, 0.215162, 5.35556e-09 )
bones/2/enabled = true
bones/2/bound_children = [  ]
bones/3/name = "Spine3"
bones/3/parent = 2
bones/3/rest = Transform( 0.999995, -0.00208113, 0.00244108, 0.00237657, 0.991766, -0.128042, -0.00215451, 0.128048, 0.991766, 1.09139e-10, 0.249555, 2.18554e-09 )
bones/3/enabled = true
bones/3/bound_children = [  ]
bones/4/name = "Neck"
bones/4/parent = 3
bones/4/rest = Transform( 1, 0.000286087, -0.000720351, -0.000592028, 0.881779, -0.471663, 0.000500254, 0.471663, 0.881778, 9.27682e-11, 0.324432, -3.72502e-09 )
bones/4/enabled = true
bones/4/bound_children = [  ]
bones/5/name = "Head"
bones/5/parent = 4
bones/5/rest = Transform( 1, 2.73624e-09, 4.93422e-09, -4.80835e-09, 0.870836, 0.491573, -2.95184e-09, -0.491573, 0.870836, 8.74388e-16, 0.0810061, -3.12788e-08 )
bones/5/enabled = true
bones/5/bound_children = [  ]
bones/6/name = "Chest.L"
bones/6/parent = 3
bones/6/rest = Transform( 0.200354, 0.943729, 0.263124, -0.392561, -0.168738, 0.904115, 0.897638, -0.284435, 0.336664, 0.0389983, 0.316508, 0.0730239 )
bones/6/enabled = true
bones/6/bound_children = [  ]
bones/7/name = "Bicep.L"
bones/7/parent = 6
bones/7/rest = Transform( 0.91704, 0.323775, -0.232825, -0.211843, 0.890137, 0.40346, 0.337876, -0.320666, 0.88488, -5.58794e-08, 0.207112, -1.11759e-08 )
bones/7/enabled = true
bones/7/bound_children = [  ]
bones/8/name = "Forearm.L"
bones/8/parent = 7
bones/8/rest = Transform( 0.930934, 0.36338, -0.0362963, -0.349841, 0.915905, 0.196794, 0.104755, -0.170505, 0.979773, 1.49012e-08, 0.356598, 6.0536e-08 )
bones/8/enabled = true
bones/8/bound_children = [  ]
bones/9/name = "Chest.R"
bones/9/parent = 3
bones/9/rest = Transform( 0.201717, -0.943643, -0.26239, 0.392323, -0.16762, 0.904426, -0.897437, -0.28538, 0.336401, -0.0390806, 0.316555, 0.0729849 )
bones/9/enabled = true
bones/9/bound_children = [  ]
bones/10/name = "Bicep.R"
bones/10/parent = 9
bones/10/rest = Transform( 0.91704, -0.323776, 0.232825, 0.211844, 0.890136, 0.403461, -0.337877, -0.320667, 0.88488, 7.63685e-08, 0.207112, -2.43075e-07 )
bones/10/enabled = true
bones/10/bound_children = [  ]
bones/11/name = "Forearm.R"
bones/11/parent = 10
bones/11/rest = Transform( 0.930934, -0.363378, 0.0362966, 0.34984, 0.915906, 0.196793, -0.104755, -0.170504, 0.979773, -1.11759e-07, 0.356598, 3.54339e-07 )
bones/11/enabled = true
bones/11/bound_children = [  ]
bones/12/name = "Ass.L"
bones/12/parent = 1
bones/12/rest = Transform( 0.451311, 0.0162043, 0.89222, 0.694892, 0.620903, -0.362773, -0.55986, 0.78372, 0.26896, 0.131317, 0.0026311, -0.0595121 )
bones/12/enabled = true
bones/12/bound_children = [  ]
bones/13/name = "Hip.L"
bones/13/parent = 12
bones/13/rest = Transform( 0.702046, -0.434459, 0.56425, -0.260421, -0.894086, -0.364406, 0.662807, 0.108887, -0.740831, -2.98023e-08, 0.189531, -7.45058e-09 )
bones/13/enabled = true
bones/13/bound_children = [  ]
bones/14/name = "Thigh.L.001"
bones/14/parent = 13
bones/14/rest = Transform( 0.897964, -0.111592, 0.425685, -0.120108, 0.868442, 0.481023, -0.423361, -0.483069, 0.766427, 3.63216e-08, 0.120731, -5.58794e-09 )
bones/14/enabled = true
bones/14/bound_children = [  ]
bones/15/name = "Shin.L"
bones/15/parent = 14
bones/15/rest = Transform( 0.999766, -0.0143337, -0.0161902, 0.0123412, 0.993045, -0.117088, 0.0177559, 0.116861, 0.99299, -1.50467e-08, 0.540117, -9.31323e-10 )
bones/15/enabled = true
bones/15/bound_children = [  ]
bones/16/name = "Ass.R"
bones/16/parent = 1
bones/16/rest = Transform( 0.406533, -0.0267752, -0.913244, -0.708703, 0.621595, -0.333706, 0.576603, 0.782881, 0.233723, -0.13519, 0.00692144, -0.0647134 )
bones/16/enabled = true
bones/16/bound_children = [  ]
bones/17/name = "Hip.R"
bones/17/parent = 16
bones/17/rest = Transform( 0.702045, 0.434458, -0.564251, 0.26042, -0.894086, -0.364407, -0.662808, 0.108888, -0.74083, 7.82311e-08, 0.189531, 9.31323e-09 )
bones/17/enabled = true
bones/17/bound_children = [  ]
bones/18/name = "Thigh.R.001"
bones/18/parent = 17
bones/18/rest = Transform( 0.897964, 0.111594, -0.425684, 0.120108, 0.86844, 0.481026, 0.423361, -0.483072, 0.766425, 4.05125e-08, 0.120731, -3.72529e-08 )
bones/18/enabled = true
bones/18/bound_children = [  ]
bones/19/name = "Shin.R"
bones/19/parent = 18
bones/19/rest = Transform( 0.999766, 0.0143348, 0.016189, -0.0123423, 0.993044, -0.117096, -0.017755, 0.116869, 0.992989, -2.19152e-08, 0.540117, -4.07454e-09 )
bones/19/enabled = true
bones/19/bound_children = [  ]
bones/20/name = "FootIK.L"
bones/20/parent = -1
bones/20/rest = Transform( 1, 0, 0, 0, 0, 1, 0, -1, 0, 0.134625, 0.0436081, 0.00194212 )
bones/20/enabled = true
bones/20/bound_children = [  ]
bones/21/name = "Foot.L"
bones/21/parent = 20
bones/21/rest = Transform( 1, 8.52651e-14, 7.15253e-07, -2.9646e-07, -0.910058, 0.414481, 6.50923e-07, -0.414482, -0.910056, -1.3411e-07, 1.19209e-07, -3.27826e-07 )
bones/21/enabled = true
bones/21/bound_children = [  ]
bones/22/name = "Toe.L"
bones/22/parent = 21
bones/22/rest = Transform( 1, 2.592e-07, 2.43348e-06, -1.12345e-06, 0.932027, 0.362389, -2.17414e-06, -0.362389, 0.932027, -8.41309e-10, 0.161854, -5.66658e-10 )
bones/22/enabled = true
bones/22/bound_children = [  ]
bones/23/name = "HandIK.L"
bones/23/parent = -1
bones/23/rest = Transform( 0.999728, -0.0233333, 0.000557641, -0.00271031, -0.0923278, 0.995725, -0.0231821, -0.995455, -0.0923659, 0.7389, 1.38213, 0.032319 )
bones/23/enabled = true
bones/23/bound_children = [  ]
bones/24/name = "Hand.L"
bones/24/parent = 23
bones/24/rest = Transform( 0.19308, 0.758308, 0.622647, -0.865175, -0.167747, 0.472582, 0.46281, -0.629944, 0.623681, 3.12575e-08, -1.06171e-07, 1.1237e-07 )
bones/24/enabled = true
bones/24/bound_children = [  ]
bones/25/name = "Thumb1.L"
bones/25/parent = 24
bones/25/rest = Transform( 0.99289, -0.0530997, -0.10654, 0.0643729, 0.992352, 0.105327, 0.100133, -0.111437, 0.988714, 0.043884, 0.0803542, -0.0650586 )
bones/25/enabled = true
bones/25/bound_children = [  ]
bones/26/name = "Thumb2.L"
bones/26/parent = 25
bones/26/rest = Transform( 0.985734, -0.113894, -0.123919, 0.117268, 0.992894, 0.0202544, 0.120731, -0.0344971, 0.992086, -7.45058e-08, 0.0368838, 1.3411e-07 )
bones/26/enabled = true
bones/26/bound_children = [  ]
bones/27/name = "Index1.L"
bones/27/parent = 24
bones/27/rest = Transform( 0.672669, -0.424644, -0.605965, 0.570515, 0.819145, 0.0592823, 0.471199, -0.385589, 0.793279, 0.030404, 0.140989, -0.0175903 )
bones/27/enabled = true
bones/27/bound_children = [  ]
bones/28/name = "Index2.L"
bones/28/parent = 27
bones/28/rest = Transform( 0.998832, -0.038416, -0.0293076, 0.0376322, 0.998931, -0.0268429, 0.0303075, 0.0257086, 0.99921, 1.04308e-07, 0.0378637, -1.49012e-08 )
bones/28/enabled = true
bones/28/bound_children = [  ]
bones/29/name = "Index3.L"
bones/29/parent = 28
bones/29/rest = Transform( 0.999808, 0.0129093, 0.0147207, -0.0127796, 0.999879, -0.00886601, -0.0148333, 0.00867619, 0.999852, 1.11759e-07, 0.0361429, 5.21541e-08 )
bones/29/enabled = true
bones/29/bound_children = [  ]
bones/30/name = "Middle1.L"
bones/30/parent = 24
bones/30/rest = Transform( 0.667734, -0.452543, -0.591047, 0.57942, 0.814439, 0.0310129, 0.467337, -0.363173, 0.806041, 0.00585007, 0.144973, 0.000283543 )
bones/30/enabled = true
bones/30/bound_children = [  ]
bones/31/name = "Middle2.L"
bones/31/parent = 30
bones/31/rest = Transform( 0.997078, 0.0575636, 0.0502229, -0.0586175, 0.998085, 0.0197682, -0.0489888, -0.0226544, 0.998542, 6.33299e-08, 0.0357477, -1.49012e-08 )
bones/31/enabled = true
bones/31/bound_children = [  ]
bones/32/name = "Middle3.L"
bones/32/parent = 31
bones/32/rest = Transform( 0.992712, -0.0819401, -0.0883611, 0.0835135, 0.996405, 0.0142528, 0.0868756, -0.0215283, 0.995986, -1.2666e-07, 0.0378636, 1.86265e-08 )
bones/32/enabled = true
bones/32/bound_children = [  ]
bones/33/name = "Ring1.L"
bones/33/parent = 24
bones/33/rest = Transform( 0.820125, -0.397502, -0.411567, 0.447314, 0.89394, 0.0279684, 0.356798, -0.207037, 0.91095, -0.0211133, 0.140843, 0.014051 )
bones/33/enabled = true
bones/33/bound_children = [  ]
bones/34/name = "Ring2.L"
bones/34/parent = 33
bones/34/rest = Transform( 0.988279, -0.0907447, -0.122763, 0.100301, 0.992199, 0.0740297, 0.115088, -0.0854753, 0.989671, 9.31323e-09, 0.0291994, 6.51926e-08 )
bones/34/enabled = true
bones/34/bound_children = [  ]
bones/35/name = "Ring3.L"
bones/35/parent = 34
bones/35/rest = Transform( 0.967185, -0.174972, -0.184224, 0.182471, 0.982907, 0.0244385, 0.176799, -0.057252, 0.98258, 3.53903e-08, 0.0354077, 1.86265e-08 )
bones/35/enabled = true
bones/35/bound_children = [  ]
bones/36/name = "Pinky1.L"
bones/36/parent = 24
bones/36/rest = Transform( 0.871476, -0.330887, -0.362, 0.376175, 0.924572, 0.0604934, 0.314678, -0.188894, 0.930213, -0.0515562, 0.128315, 0.0251856 )
bones/36/enabled = true
bones/36/bound_children = [  ]
bones/37/name = "Pinky2.L"
bones/37/parent = 36
bones/37/rest = Transform( 0.975412, -0.144562, -0.166353, 0.154168, 0.986959, 0.0462944, 0.157492, -0.0708025, 0.984979, 4.07454e-08, 0.0402216, -3.67872e-08 )
bones/37/enabled = true
bones/37/bound_children = [  ]
bones/38/name = "Pinky3.L"
bones/38/parent = 37
bones/38/rest = Transform( 0.99566, -0.0192186, -0.0910581, 0.0346052, 0.984742, 0.170547, 0.086391, -0.172958, 0.981133, 9.28994e-08, 0.0240142, -2.77068e-08 )
bones/38/enabled = true
bones/38/bound_children = [  ]
bones/39/name = "WeaponBone.L"
bones/39/parent = 24
bones/39/rest = Transform( 0.0666395, 0.840872, 0.537115, -0.943475, 0.228269, -0.240307, -0.324675, -0.490741, 0.808554, -3.35276e-08, 0.128554, 1.49012e-08 )
bones/39/enabled = true
bones/39/bound_children = [  ]
bones/40/name = "WeaponDir.L"
bones/40/parent = 39
bones/40/rest = Transform( -0.390783, -0.824537, -0.409179, 0.658215, 0.0604333, -0.750401, 0.643462, -0.562571, 0.519106, 4.47035e-08, 0.701884, -6.70552e-08 )
bones/40/enabled = true
bones/40/bound_children = [  ]
bones/41/name = "KneeTarget.L"
bones/41/parent = -1
bones/41/rest = Transform( -1, 0, 0, 0, 0, 1, 0, 1, 0, 0.134581, 0.511346, 1.00768 )
bones/41/enabled = true
bones/41/bound_children = [  ]
bones/42/name = "ElbowIK.L"
bones/42/parent = -1
bones/42/rest = Transform( 1, 0, 0, 0, 0, 1, 0, -1, 0, 0.503745, 1.56013, -0.719026 )
bones/42/enabled = true
bones/42/bound_children = [  ]
bones/43/name = "FootIK.R"
bones/43/parent = -1
bones/43/rest = Transform( 1, 0, 0, 0, 0, 1, 0, -1, 0, -0.134625, 0.0436081, 0.00194212 )
bones/43/enabled = true
bones/43/bound_children = [  ]
bones/44/name = "Foot.R"
bones/44/parent = 43
bones/44/rest = Transform( 1, 5.68434e-14, -7.15256e-07, 2.9646e-07, -0.910058, 0.414482, -6.50923e-07, -0.414481, -0.910059, 8.9407e-08, -1.04308e-07, 0 )
bones/44/enabled = true
bones/44/bound_children = [  ]
bones/45/name = "Toe.R"
bones/45/parent = 44
bones/45/rest = Transform( 1, -2.592e-07, -2.4333e-06, 1.12338e-06, 0.932027, 0.362388, 2.17397e-06, -0.362388, 0.932027, 1.57422e-08, 0.161854, -5.66814e-10 )
bones/45/enabled = true
bones/45/bound_children = [  ]
bones/46/name = "HandIK.R"
bones/46/parent = -1
bones/46/rest = Transform( 0.999728, 0.0233333, -0.000557641, 0.00271031, -0.0923278, 0.995725, 0.0231821, -0.995455, -0.0923659, -0.7389, 1.38213, 0.032319 )
bones/46/enabled = true
bones/46/bound_children = [  ]
bones/47/name = "Hand.R"
bones/47/parent = 46
bones/47/rest = Transform( 0.19308, -0.758308, -0.622647, 0.865175, -0.167747, 0.472582, -0.46281, -0.629944, 0.623681, 2.0588e-07, -4.47035e-08, 1.17347e-07 )
bones/47/enabled = true
bones/47/bound_children = [  ]
bones/48/name = "Thumb1.R"
bones/48/parent = 47
bones/48/rest = Transform( 0.99289, 0.0530997, 0.10654, -0.0643729, 0.992352, 0.105327, -0.100133, -0.111437, 0.988714, -0.043884, 0.0803542, -0.0650586 )
bones/48/enabled = true
bones/48/bound_children = [  ]
bones/49/name = "Thumb2.R"
bones/49/parent = 48
bones/49/rest = Transform( 0.985734, 0.113894, 0.123919, -0.117268, 0.992894, 0.0202544, -0.120731, -0.0344971, 0.992086, 7.45058e-08, 0.0368837, -2.23517e-08 )
bones/49/enabled = true
bones/49/bound_children = [  ]
bones/50/name = "Index1.R"
bones/50/parent = 47
bones/50/rest = Transform( 0.672669, 0.424644, 0.605965, -0.570515, 0.819145, 0.0592823, -0.471199, -0.385589, 0.793279, -0.030404, 0.140989, -0.0175903 )
bones/50/enabled = true
bones/50/bound_children = [  ]
bones/51/name = "Index2.R"
bones/51/parent = 50
bones/51/rest = Transform( 0.998832, 0.038416, 0.0293076, -0.0376322, 0.998931, -0.0268429, -0.0303075, 0.0257086, 0.99921, -8.19564e-08, 0.0378637, -2.23517e-08 )
bones/51/enabled = true
bones/51/bound_children = [  ]
bones/52/name = "Index3.R"
bones/52/parent = 51
bones/52/rest = Transform( 0.999808, -0.0129093, -0.0147207, 0.0127796, 0.999879, -0.00886601, 0.0148333, 0.00867619, 0.999852, 2.98023e-08, 0.0361429, 4.47035e-08 )
bones/52/enabled = true
bones/52/bound_children = [  ]
bones/53/name = "Middle1.R"
bones/53/parent = 47
bones/53/rest = Transform( 0.667734, 0.452543, 0.591047, -0.57942, 0.814439, 0.0310129, -0.467337, -0.363173, 0.806041, -0.00585008, 0.144973, 0.000283577 )
bones/53/enabled = true
bones/53/bound_children = [  ]
bones/54/name = "Middle2.R"
bones/54/parent = 53
bones/54/rest = Transform( 0.997078, -0.0575636, -0.0502229, 0.0586175, 0.998085, 0.0197682, 0.0489888, -0.0226544, 0.998542, 2.04891e-08, 0.0357477, -1.86265e-08 )
bones/54/enabled = true
bones/54/bound_children = [  ]
bones/55/name = "Middle3.R"
bones/55/parent = 54
bones/55/rest = Transform( 0.992712, 0.0819401, 0.0883611, -0.0835135, 0.996405, 0.0142528, -0.0868756, -0.0215283, 0.995986, 3.53903e-08, 0.0378637, -1.86265e-08 )
bones/55/enabled = true
bones/55/bound_children = [  ]
bones/56/name = "Ring1.R"
bones/56/parent = 47
bones/56/rest = Transform( 0.820125, 0.397502, 0.411567, -0.447314, 0.89394, 0.0279684, -0.356798, -0.207037, 0.91095, 0.0211133, 0.140843, 0.014051 )
bones/56/enabled = true
bones/56/bound_children = [  ]
bones/57/name = "Ring2.R"
bones/57/parent = 56
bones/57/rest = Transform( 0.988279, 0.0907447, 0.122763, -0.100301, 0.992199, 0.0740297, -0.115088, -0.0854753, 0.989671, -3.53903e-08, 0.0291993, -3.72529e-09 )
bones/57/enabled = true
bones/57/bound_children = [  ]
bones/58/name = "Ring3.R"
bones/58/parent = 57
bones/58/rest = Transform( 0.967185, 0.174972, 0.184224, -0.182471, 0.982907, 0.0244385, -0.176799, -0.057252, 0.98258, 1.11759e-07, 0.0354078, 4.09782e-08 )
bones/58/enabled = true
bones/58/bound_children = [  ]
bones/59/name = "Pinky1.R"
bones/59/parent = 47
bones/59/rest = Transform( 0.871476, 0.330887, 0.362, -0.376175, 0.924572, 0.0604934, -0.314678, -0.188894, 0.930213, 0.0515561, 0.128315, 0.0251856 )
bones/59/enabled = true
bones/59/bound_children = [  ]
bones/60/name = "Pinky2.R"
bones/60/parent = 59
bones/60/rest = Transform( 0.975412, 0.144562, 0.166353, -0.154168, 0.986959, 0.0462944, -0.157492, -0.0708025, 0.984979, -6.58911e-08, 0.0402216, -5.26197e-08 )
bones/60/enabled = true
bones/60/bound_children = [  ]
bones/61/name = "Pinky3.R"
bones/61/parent = 60
bones/61/rest = Transform( 0.99566, 0.0192186, 0.0910581, -0.0346052, 0.984742, 0.170547, -0.086391, -0.172958, 0.981133, -1.25496e-07, 0.0240142, 2.11876e-08 )
bones/61/enabled = true
bones/61/bound_children = [  ]
bones/62/name = "WeaponBone.R"
bones/62/parent = 47
bones/62/rest = Transform( 0.0666395, -0.840872, -0.537115, 0.943475, 0.228269, -0.240307, 0.324675, -0.490741, 0.808554, 7.45058e-09, 0.128554, -1.49012e-08 )
bones/62/enabled = true
bones/62/bound_children = [  ]
bones/63/name = "WeaponDir.R"
bones/63/parent = 62
bones/63/rest = Transform( -0.390783, 0.824537, 0.409179, -0.658215, 0.0604333, -0.750401, -0.643462, -0.562571, 0.519106, -1.02445e-07, 0.701884, -1.52737e-07 )
bones/63/enabled = true
bones/63/bound_children = [  ]
bones/64/name = "KneeTarget.R"
bones/64/parent = -1
bones/64/rest = Transform( -1, 0, 0, 0, 0, 1, 0, 1, 0, -0.134581, 0.511346, 1.00768 )
bones/64/enabled = true
bones/64/bound_children = [  ]
bones/65/name = "ElbowIK.R"
bones/65/parent = -1
bones/65/rest = Transform( 1, 0, 0, 0, 0, 1, 0, -1, 0, -0.503745, 1.56013, -0.719026 )
bones/65/enabled = true
bones/65/bound_children = [  ]
