[gd_scene format=2]

[node name="Skeleton" type="Skeleton"]
bones/0/name = "root"
bones/0/parent = -1
bones/0/rest = Transform( 1, -4.59722e-17, -1.00819e-15, -1.00821e-15, -0.0909903, -0.995836, -4.59555e-17, 0.995852, -0.0909889, 4.24257e-17, 0.0954891, -0.400004 )
bones/0/enabled = true
bones/0/bound_children = [  ]
bones/1/name = "Spine1"
bones/1/parent = 0
bones/1/rest = Transform( 1, -1.2049e-15, 2.13797e-16, -2.59607e-16, -0.0381491, 0.999272, -1.19586e-15, -0.999272, -0.0381491, -8.83745e-16, 0.308769, -0.890635 )
bones/1/enabled = true
bones/1/bound_children = [  ]
bones/2/name = "Spine2"
bones/2/parent = 1
bones/2/rest = Transform( 1, 2.06325e-16, -1.95681e-16, -1.95678e-16, 0.998598, 0.0529324, 2.06328e-16, -0.0529324, 0.998598, 9.89709e-24, 0.216815, -1.70377e-09 )
bones/2/enabled = true
bones/2/bound_children = [  ]
bones/3/name = "Neck"
bones/3/parent = 2
bones/3/rest = Transform( 0.99726, 0.0294767, -0.0678522, -0.0678521, 0.72991, -0.680168, 0.0294769, 0.682908, 0.72991, -1.17022e-29, 0.458571, -8.52651e-14 )
bones/3/enabled = true
bones/3/bound_children = [  ]
bones/4/name = "Head"
bones/4/parent = 3
bones/4/rest = Transform( 0.99693, -0.0703894, 0.0343036, 0.0296824, 0.745103, 0.666289, -0.0724594, -0.663225, 0.744904, 5.3551e-09, 0.0487114, -6.70479e-08 )
bones/4/enabled = true
bones/4/bound_children = [  ]
bones/5/name = "chest.l"
bones/5/parent = 2
bones/5/rest = Transform( 0.0315259, 0.936996, 0.347913, 0.347907, -0.336606, 0.875018, 0.936999, 0.0934558, -0.336599, 0.0288551, 0.44715, -0.0203101 )
bones/5/enabled = true
bones/5/bound_children = [  ]
bones/6/name = "shoulder.l"
bones/6/parent = 5
bones/6/rest = Transform( 0.686823, 0.651366, 0.322485, -0.605308, 0.758217, -0.2423, -0.40234, -0.0287853, 0.915038, -0.0150698, 0.14341, 0.00995295 )
bones/6/enabled = true
bones/6/bound_children = [  ]
bones/7/name = "bicep.l"
bones/7/parent = 6
bones/7/rest = Transform( -0.501621, -0.362759, -0.785355, 0.836782, 0.0268615, -0.546876, 0.21948, -0.931496, 0.290076, 1.76951e-08, 0.0618679, 1.36206e-07 )
bones/7/enabled = true
bones/7/bound_children = [  ]
bones/8/name = "forearm.l"
bones/8/parent = 7
bones/8/rest = Transform( 0.983859, 0.143687, 0.106658, -0.176131, 0.882883, 0.435311, -0.0316177, -0.44707, 0.89394, 0.00318733, 0.35598, -0.00447154 )
bones/8/enabled = true
bones/8/bound_children = [  ]
bones/9/name = "chest.r"
bones/9/parent = 2
bones/9/rest = Transform( 0.0315259, -0.936996, -0.347913, -0.347907, -0.336606, 0.875018, -0.936999, 0.0934558, -0.336599, -0.0288551, 0.44715, -0.0203101 )
bones/9/enabled = true
bones/9/bound_children = [  ]
bones/10/name = "shoulder.r"
bones/10/parent = 9
bones/10/rest = Transform( 0.686823, -0.651366, -0.322486, 0.605307, 0.758218, -0.242299, 0.40234, -0.028787, 0.915038, 0.0150698, 0.14341, 0.00995295 )
bones/10/enabled = true
bones/10/bound_children = [  ]
bones/11/name = "bicep.r"
bones/11/parent = 10
bones/11/rest = Transform( -0.501621, 0.362758, 0.785355, -0.836782, 0.0268634, -0.546877, -0.219481, -0.931496, 0.290074, 5.30854e-08, 0.0618679, -4.08618e-08 )
bones/11/enabled = true
bones/11/bound_children = [  ]
bones/12/name = "forearm.r"
bones/12/parent = 11
bones/12/rest = Transform( 0.983859, -0.143687, -0.106658, 0.176131, 0.882883, 0.435311, 0.0316179, -0.44707, 0.89394, -0.00318736, 0.35598, -0.00447153 )
bones/12/enabled = true
bones/12/bound_children = [  ]
bones/13/name = "thigh.l"
bones/13/parent = 1
bones/13/rest = Transform( 0.998561, 0.0535157, -0.000697375, 0.0533352, -0.996117, -0.0700376, -0.0044428, 0.0699007, -0.997534, 0.100558, 0.0572709, 0.0367099 )
bones/13/enabled = true
bones/13/bound_children = [  ]
bones/14/name = "shin.l"
bones/14/parent = 13
bones/14/rest = Transform( 0.999967, -0.00783253, 0.00206048, 0.00807987, 0.982261, -0.187347, -0.000556528, 0.187357, 0.982292, -0.00150388, 0.517015, 0.00251572 )
bones/14/enabled = true
bones/14/bound_children = [  ]
bones/15/name = "hip.l"
bones/15/parent = 1
bones/15/rest = Transform( 0.999148, -0.0387163, -0.0143066, -0.0163379, -0.689282, 0.724309, -0.0379038, -0.723458, -0.689327, 0.0996925, 0.153631, 0.0380523 )
bones/15/enabled = true
bones/15/bound_children = [  ]
bones/16/name = "pelvis.l"
bones/16/parent = 1
bones/16/rest = Transform( 0.845811, -0.356147, -0.397194, -0.415482, -0.906772, -0.0716883, -0.334633, 0.225661, -0.91493, 0.0996925, 0.153631, 0.0380523 )
bones/16/enabled = true
bones/16/bound_children = [  ]
bones/17/name = "thigh.r"
bones/17/parent = 1
bones/17/rest = Transform( 0.998564, -0.0534064, 0.000699528, -0.0532259, -0.996123, -0.0700364, 0.00443724, 0.0699002, -0.997529, -0.100558, 0.0572709, 0.0367099 )
bones/17/enabled = true
bones/17/bound_children = [  ]
bones/18/name = "shin.r"
bones/18/parent = 17
bones/18/rest = Transform( 0.999967, 0.00783254, -0.00206043, -0.00807988, 0.98226, -0.187347, 0.000556478, 0.187358, 0.982292, 0.00150383, 0.517015, 0.00251573 )
bones/18/enabled = true
bones/18/bound_children = [  ]
bones/19/name = "hip.r"
bones/19/parent = 1
bones/19/rest = Transform( 0.999148, 0.0387163, 0.0143066, 0.0163379, -0.689282, 0.724309, 0.0379038, -0.723458, -0.689327, -0.0996925, 0.153631, 0.0380523 )
bones/19/enabled = true
bones/19/bound_children = [  ]
bones/20/name = "pelvis.r"
bones/20/parent = 1
bones/20/rest = Transform( 0.845811, 0.356147, 0.397194, 0.415481, -0.906772, -0.0716883, 0.334633, 0.225661, -0.91493, -0.0996925, 0.153631, 0.0380523 )
bones/20/enabled = true
bones/20/bound_children = [  ]
bones/21/name = "knee_ik.l"
bones/21/parent = 0
bones/21/rest = Transform( -1, 0, 1.50996e-07, -1.37392e-08, 0.995852, -0.0909909, -1.50369e-07, -0.0909909, -0.995852, 0.120562, 1.20321, -0.640883 )
bones/21/enabled = true
bones/21/bound_children = [  ]
bones/22/name = "elbow_ik.l"
bones/22/parent = 0
bones/22/rest = Transform( 1, -3.44107e-22, -1.00821e-15, -9.17409e-17, -0.995851, -0.090991, -1.00404e-15, 0.0909922, -0.995839, 0.268174, -0.405588, -1.09761 )
bones/22/enabled = true
bones/22/bound_children = [  ]
bones/23/name = "hand_ik.l"
bones/23/parent = 0
bones/23/rest = Transform( 1, 2.48154e-22, -1.00827e-15, -9.17391e-17, -0.995852, -0.0909915, -1.00406e-15, 0.0909892, -0.995878, 0.333504, 0.336897, -0.909764 )
bones/23/enabled = true
bones/23/bound_children = [  ]
bones/24/name = "hand1.l"
bones/24/parent = 23
bones/24/rest = Transform( 0.995679, 0.063755, 0.0675175, -0.0637546, -0.0593195, 0.996201, 0.0675179, -0.996201, -0.0549985, 6.22869e-06, 3.56219e-06, -6.49963e-06 )
bones/24/enabled = true
bones/24/bound_children = [  ]
bones/25/name = "thumb1.l"
bones/25/parent = 24
bones/25/rest = Transform( 0.999726, 0.021133, 0.0101084, -0.0229088, 0.972131, 0.233318, -0.00489598, -0.233486, 0.972348, -0.00265352, 0.0345922, -0.02756 )
bones/25/enabled = true
bones/25/bound_children = [  ]
bones/26/name = "thumb2.l"
bones/26/parent = 25
bones/26/rest = Transform( 0.99964, -0.025854, 0.00712404, 0.0265818, 0.920102, -0.390775, 0.00354823, 0.390824, 0.920459, -1.02445e-08, 0.0623311, -2.04891e-08 )
bones/26/enabled = true
bones/26/bound_children = [  ]
bones/27/name = "thumb3.l"
bones/27/parent = 26
bones/27/rest = Transform( 0.99723, -0.0557133, -0.0492692, 0.0554229, 0.998437, -0.00724122, 0.0495956, 0.00449053, 0.998759, 2.70084e-08, 0.0202795, 1.86265e-09 )
bones/27/enabled = true
bones/27/bound_children = [  ]
bones/28/name = "index1.l"
bones/28/parent = 24
bones/28/rest = Transform( 0.995032, -0.0704416, -0.0703487, 0.0682753, 0.997129, -0.0327406, 0.0724531, 0.0277749, 0.996985, 0.00839712, 0.126415, -0.023193 )
bones/28/enabled = true
bones/28/bound_children = [  ]
bones/29/name = "index2.l"
bones/29/parent = 28
bones/29/rest = Transform( 0.998456, -0.0423931, -0.0359074, 0.0335954, 0.97548, -0.217507, 0.0442477, 0.215965, 0.975398, -1.03028e-08, 0.0302598, 1.16415e-09 )
bones/29/enabled = true
bones/29/bound_children = [  ]
bones/30/name = "index3.l"
bones/30/parent = 29
bones/30/rest = Transform( 0.999702, -0.0188314, -0.0155499, 0.0188175, 0.999822, -0.00103945, 0.0155667, 0.000746526, 0.999878, 1.62981e-09, 0.0297684, 1.58325e-08 )
bones/30/enabled = true
bones/30/bound_children = [  ]
bones/31/name = "middle1.l"
bones/31/parent = 24
bones/31/rest = Transform( 0.991672, -0.0995866, -0.0816633, 0.0864566, 0.984746, -0.150997, 0.0954549, 0.142679, 0.985155, 0.00722022, 0.124533, -0.00385876 )
bones/31/enabled = true
bones/31/bound_children = [  ]
bones/32/name = "middle2.l"
bones/32/parent = 31
bones/32/rest = Transform( 0.999084, -0.0315223, -0.0289235, 0.0323792, 0.999036, 0.0296523, 0.0279609, -0.0305617, 0.999142, 3.8126e-08, 0.0236831, 9.31323e-10 )
bones/32/enabled = true
bones/32/bound_children = [  ]
bones/33/name = "middle3.l"
bones/33/parent = 32
bones/33/rest = Transform( 0.999031, -0.0309026, -0.0313368, 0.0278471, 0.995216, -0.0936504, 0.0340809, 0.092687, 0.995112, -7.567e-09, 0.0384086, 6.0536e-09 )
bones/33/enabled = true
bones/33/bound_children = [  ]
bones/34/name = "ring1.l"
bones/34/parent = 24
bones/34/rest = Transform( 0.989379, -0.111663, -0.0930654, 0.0969647, 0.983957, -0.149753, 0.108294, 0.139139, 0.984334, 0.0062191, 0.122134, 0.0159522 )
bones/34/enabled = true
bones/34/bound_children = [  ]
bones/35/name = "ring2.l"
bones/35/parent = 34
bones/35/rest = Transform( 0.999604, -0.021316, -0.0183882, 0.0224959, 0.99753, 0.0665485, 0.0169243, -0.0669357, 0.997614, 2.63099e-08, 0.0335033, 1.25729e-08 )
bones/35/enabled = true
bones/35/bound_children = [  ]
bones/36/name = "ring3.l"
bones/36/parent = 35
bones/36/rest = Transform( 0.999003, -0.0318752, -0.0312581, 0.0318053, 0.99949, -0.00273251, 0.0313293, 0.00173561, 0.999508, 1.38243e-08, 0.0283791, -4.65661e-10 )
bones/36/enabled = true
bones/36/bound_children = [  ]
bones/37/name = "pinky1.l"
bones/37/parent = 24
bones/37/rest = Transform( 0.993624, -0.0880223, -0.0704557, 0.0762905, 0.985012, -0.154693, 0.0830162, 0.148331, 0.985447, 0.00480171, 0.121215, 0.0305645 )
bones/37/enabled = true
bones/37/bound_children = [  ]
bones/38/name = "pinky2.l"
bones/38/parent = 37
bones/38/rest = Transform( 0.998911, -0.0340756, -0.0318664, 0.0356096, 0.99817, 0.0488812, 0.0301424, -0.0499627, 0.998296, 1.01645e-08, 0.0268728, 1.21072e-08 )
bones/38/enabled = true
bones/38/bound_children = [  ]
bones/39/name = "pinky3.l"
bones/39/parent = 38
bones/39/rest = Transform( 0.999455, -0.0238529, -0.0228183, 0.0238215, 0.999715, -0.00164519, 0.0228511, 0.00110073, 0.999738, -1.14669e-08, 0.0234878, -1.86265e-09 )
bones/39/enabled = true
bones/39/bound_children = [  ]
bones/40/name = "weapon.l"
bones/40/parent = 24
bones/40/rest = Transform( -0.995679, 0.0637525, 0.0675143, -0.0637515, 0.0593195, -0.996201, -0.0675152, -0.996201, -0.0549989, 3.7835e-08, 0.0840229, -7.45058e-09 )
bones/40/enabled = true
bones/40/bound_children = [  ]
bones/41/name = "weaponfacing.l"
bones/41/parent = 40
bones/41/rest = Transform( -1, 3.44263e-06, 4.6225e-08, -4.62221e-08, 8.9407e-07, -1, -3.44263e-06, -1, -8.34465e-07, -1.93035e-08, 0.675987, 9.41113e-09 )
bones/41/enabled = true
bones/41/bound_children = [  ]
bones/42/name = "heel_ik.l"
bones/42/parent = 0
bones/42/rest = Transform( 1, -1.7073e-21, -1.00823e-15, -9.17405e-17, -0.995852, -0.0909898, -1.00405e-15, 0.0909899, -0.995851, 0.14523, 0.363587, -0.0269324 )
bones/42/enabled = true
bones/42/bound_children = [  ]
bones/43/name = "foot.l"
bones/43/parent = 42
bones/43/rest = Transform( 1, -4.1359e-24, 1.9601e-17, -8.37691e-18, -0.904076, 0.427372, 1.77208e-17, -0.427372, -0.904077, 1.53482e-06, 4.47531e-07, 8.26965e-07 )
bones/43/enabled = true
bones/43/bound_children = [  ]
bones/44/name = "toe.l"
bones/44/parent = 43
bones/44/rest = Transform( 1, -3.75958e-17, -1.77518e-17, 4.15761e-17, 0.904276, 0.426949, 1.02405e-21, -0.426949, 0.904276, -1.49012e-08, 0.175174, -7.45058e-09 )
bones/44/enabled = true
bones/44/bound_children = [  ]
bones/45/name = "knee_ik.r"
bones/45/parent = 0
bones/45/rest = Transform( -1, 0, 1.50996e-07, -1.37392e-08, 0.995852, -0.0909909, -1.50369e-07, -0.0909909, -0.995852, -0.120562, 1.20321, -0.640883 )
bones/45/enabled = true
bones/45/bound_children = [  ]
bones/46/name = "elbow_ik.r"
bones/46/parent = 0
bones/46/rest = Transform( 1, -3.44107e-22, -1.00821e-15, -9.17409e-17, -0.995851, -0.090991, -1.00404e-15, 0.0909922, -0.995839, -0.268174, -0.405588, -1.09761 )
bones/46/enabled = true
bones/46/bound_children = [  ]
bones/47/name = "hand_ik.r"
bones/47/parent = 0
bones/47/rest = Transform( 1, 2.48154e-22, -1.00827e-15, -9.17391e-17, -0.995852, -0.0909915, -1.00406e-15, 0.0909892, -0.995878, -0.333504, 0.336897, -0.909764 )
bones/47/enabled = true
bones/47/bound_children = [  ]
bones/48/name = "hand1.r"
bones/48/parent = 47
bones/48/rest = Transform( 0.995679, -0.063755, -0.0675175, 0.0637546, -0.0593195, 0.996201, -0.0675179, -0.996201, -0.0549985, -6.16908e-06, 3.44298e-06, -6.79765e-06 )
bones/48/enabled = true
bones/48/bound_children = [  ]
bones/49/name = "thumb1.r"
bones/49/parent = 48
bones/49/rest = Transform( 0.999726, -0.0211331, -0.0101084, 0.0229089, 0.972131, 0.233318, 0.00489598, -0.233486, 0.972348, 0.00265358, 0.0345922, -0.02756 )
bones/49/enabled = true
bones/49/bound_children = [  ]
bones/50/name = "thumb2.r"
bones/50/parent = 49
bones/50/rest = Transform( 0.99964, 0.025854, -0.00712404, -0.0265818, 0.920103, -0.390775, -0.00354824, 0.390824, 0.920459, -4.19095e-09, 0.0623311, 3.35276e-08 )
bones/50/enabled = true
bones/50/bound_children = [  ]
bones/51/name = "thumb3.r"
bones/51/parent = 50
bones/51/rest = Transform( 0.99723, 0.0557133, 0.0492692, -0.0554229, 0.998437, -0.00724126, -0.0495956, 0.00449057, 0.998759, 3.91155e-08, 0.0202795, 9.31323e-09 )
bones/51/enabled = true
bones/51/bound_children = [  ]
bones/52/name = "index1.r"
bones/52/parent = 48
bones/52/rest = Transform( 0.995032, 0.0704417, 0.0703487, -0.0682754, 0.997129, -0.0327404, -0.0724531, 0.0277747, 0.996985, -0.00839706, 0.126415, -0.023193 )
bones/52/enabled = true
bones/52/bound_children = [  ]
bones/53/name = "index2.r"
bones/53/parent = 52
bones/53/rest = Transform( 0.998456, 0.0423931, 0.0359074, -0.0335954, 0.97548, -0.217507, -0.0442478, 0.215965, 0.975398, 3.55503e-08, 0.0302598, -4.07454e-09 )
bones/53/enabled = true
bones/53/bound_children = [  ]
bones/54/name = "index3.r"
bones/54/parent = 53
bones/54/rest = Transform( 0.999702, 0.0188314, 0.0155499, -0.0188175, 0.999822, -0.00103942, -0.0155667, 0.000746496, 0.999878, 2.42144e-08, 0.0297683, -2.79397e-09 )
bones/54/enabled = true
bones/54/bound_children = [  ]
bones/55/name = "middle1.r"
bones/55/parent = 48
bones/55/rest = Transform( 0.991672, 0.0995866, 0.0816634, -0.0864567, 0.984746, -0.150997, -0.0954549, 0.142679, 0.985155, -0.00722016, 0.124533, -0.00385875 )
bones/55/enabled = true
bones/55/bound_children = [  ]
bones/56/name = "middle2.r"
bones/56/parent = 55
bones/56/rest = Transform( 0.999084, 0.0315223, 0.0289236, -0.0323792, 0.999036, 0.0296523, -0.027961, -0.0305617, 0.999142, -2.91038e-10, 0.0236832, 9.31323e-10 )
bones/56/enabled = true
bones/56/bound_children = [  ]
bones/57/name = "middle3.r"
bones/57/parent = 56
bones/57/rest = Transform( 0.999031, 0.0309027, 0.0313368, -0.0278471, 0.995216, -0.0936504, -0.0340809, 0.092687, 0.995112, -2.37487e-08, 0.0384085, 4.19095e-09 )
bones/57/enabled = true
bones/57/bound_children = [  ]
bones/58/name = "ring1.r"
bones/58/parent = 48
bones/58/rest = Transform( 0.989379, 0.111663, 0.0930654, -0.0969647, 0.983957, -0.149753, -0.108294, 0.139139, 0.984334, -0.00621908, 0.122134, 0.0159522 )
bones/58/enabled = true
bones/58/bound_children = [  ]
bones/59/name = "ring2.r"
bones/59/parent = 58
bones/59/rest = Transform( 0.999604, 0.021316, 0.0183883, -0.0224959, 0.99753, 0.0665485, -0.0169243, -0.0669358, 0.997614, 3.89991e-08, 0.0335033, -1.39698e-08 )
bones/59/enabled = true
bones/59/bound_children = [  ]
bones/60/name = "ring3.r"
bones/60/parent = 59
bones/60/rest = Transform( 0.999003, 0.0318752, 0.0312581, -0.0318053, 0.99949, -0.00273251, -0.0313293, 0.00173562, 0.999507, 2.1857e-08, 0.0283791, -1.39698e-09 )
bones/60/enabled = true
bones/60/bound_children = [  ]
bones/61/name = "pinky1.r"
bones/61/parent = 48
bones/61/rest = Transform( 0.993624, 0.0880222, 0.0704558, -0.0762905, 0.985013, -0.154693, -0.0830162, 0.148331, 0.985447, -0.00480165, 0.121215, 0.0305645 )
bones/61/enabled = true
bones/61/bound_children = [  ]
bones/62/name = "pinky2.r"
bones/62/parent = 61
bones/62/rest = Transform( 0.998911, 0.0340756, 0.0318664, -0.0356097, 0.99817, 0.0488811, -0.0301424, -0.0499627, 0.998296, 2.59024e-08, 0.0268728, 2.32831e-09 )
bones/62/enabled = true
bones/62/bound_children = [  ]
bones/63/name = "pinky3.r"
bones/63/parent = 62
bones/63/rest = Transform( 0.999455, 0.0238529, 0.0228184, -0.0238216, 0.999715, -0.00164518, -0.0228511, 0.00110071, 0.999738, -2.12458e-09, 0.0234877, 4.65661e-09 )
bones/63/enabled = true
bones/63/bound_children = [  ]
bones/64/name = "weapon.r"
bones/64/parent = 48
bones/64/rest = Transform( -0.995679, -0.063754, -0.0675141, 0.0637512, 0.0593195, -0.996201, 0.0675167, -0.996201, -0.0549989, 1.49012e-08, 0.0840229, 9.31323e-09 )
bones/64/enabled = true
bones/64/bound_children = [  ]
bones/65/name = "weaponfacing.r"
bones/65/parent = 64
bones/65/rest = Transform( -1, -3.44962e-06, -3.92406e-08, 3.92371e-08, 9.53674e-07, -1, 3.44962e-06, -1, -1.07288e-06, -4.30423e-09, 0.675987, 7.97499e-08 )
bones/65/enabled = true
bones/65/bound_children = [  ]
bones/66/name = "heel_ik.r"
bones/66/parent = 0
bones/66/rest = Transform( 1, -1.7073e-21, -1.00823e-15, -9.17405e-17, -0.995852, -0.0909898, -1.00405e-15, 0.0909899, -0.995851, -0.14523, 0.363587, -0.0269324 )
bones/66/enabled = true
bones/66/bound_children = [  ]
bones/67/name = "foot.r"
bones/67/parent = 66
bones/67/rest = Transform( 1, -3.30872e-24, 1.9601e-17, -8.37692e-18, -0.904076, 0.427372, 1.77208e-17, -0.427372, -0.904076, -1.57952e-06, 4.62432e-07, 8.26965e-07 )
bones/67/enabled = true
bones/67/bound_children = [  ]
bones/68/name = "toe.r"
bones/68/parent = 67
bones/68/rest = Transform( 1, -3.75958e-17, -1.77518e-17, 4.15761e-17, 0.904275, 0.42695, 1.0348e-21, -0.42695, 0.904275, 0, 0.175174, 3.72529e-09 )
bones/68/enabled = true
bones/68/bound_children = [  ]
