[gd_scene format=2]

[node name="Skeleton" type="Skeleton"]
bones/0/name = "root"
bones/0/parent = -1
bones/0/rest = Transform( 1, -4.59722e-17, -1.00819e-15, -1.00821e-15, -0.0909903, -0.995836, -4.59555e-17, 0.995852, -0.0909889, 4.24257e-17, 0.0954891, -0.400004 )
bones/0/enabled = true
bones/0/bound_children = [  ]
bones/1/name = "Spine1"
bones/1/parent = 0
bones/1/rest = Transform( 1, -1.2049e-15, 2.13796e-16, -2.59608e-16, -0.0381504, 0.999272, -1.19586e-15, -0.999272, -0.0381504, -8.83745e-16, 0.30877, -0.890635 )
bones/1/enabled = true
bones/1/bound_children = [  ]
bones/2/name = "Spine2"
bones/2/parent = 1
bones/2/rest = Transform( 1, 2.06325e-16, -1.95682e-16, -1.95678e-16, 0.998598, 0.052931, 2.06329e-16, -0.052931, 0.998598, -6.49983e-24, 0.216815, 3.45852e-09 )
bones/2/enabled = true
bones/2/bound_children = [  ]
bones/3/name = "Neck"
bones/3/parent = 2
bones/3/rest = Transform( 0.99726, 0.0294767, -0.0678525, -0.0678523, 0.72991, -0.680167, 0.0294771, 0.682908, 0.72991, 1.00341e-29, 0.458571, 2.84217e-14 )
bones/3/enabled = true
bones/3/bound_children = [  ]
bones/4/name = "Head"
bones/4/parent = 3
bones/4/rest = Transform( 0.99693, -0.0703896, 0.0343039, 0.0296824, 0.745103, 0.666289, -0.0724597, -0.663225, 0.744905, -1.5134e-08, 0.0487112, 1.48561e-07 )
bones/4/enabled = true
bones/4/bound_children = [  ]
bones/5/name = "shoulder.l"
bones/5/parent = 2
bones/5/rest = Transform( -0.0562463, 0.990972, 0.121696, 0.121694, -0.114176, 0.985979, 0.990973, 0.0702675, -0.114174, -0.00482996, 0.44715, -0.0203102 )
bones/5/enabled = true
bones/5/bound_children = [  ]
bones/6/name = "shoulder.l.001"
bones/6/parent = 5
bones/6/rest = Transform( 0.764368, -0.134289, -0.630642, 0.45384, 0.806807, 0.378274, 0.458008, -0.575351, 0.677643, 1.58325e-08, 0.163782, 8.60309e-08 )
bones/6/enabled = true
bones/6/bound_children = [  ]
bones/7/name = "bicep.l"
bones/7/parent = 6
bones/7/rest = Transform( 0.576848, -0.469116, -0.668713, 0.563073, 0.821433, -0.0905316, 0.591773, -0.324312, 0.737988, -3.72529e-08, 0.0370659, -4.42378e-08 )
bones/7/enabled = true
bones/7/bound_children = [  ]
bones/8/name = "elbow.l"
bones/8/parent = 7
bones/8/rest = Transform( 0.999538, 0.0301361, -0.00404195, -0.029367, 0.991268, 0.128549, 0.00788064, -0.128371, 0.991695, 4.22588e-08, 0.337678, -1.86265e-09 )
bones/8/enabled = true
bones/8/bound_children = [  ]
bones/9/name = "forearm.l"
bones/9/parent = 8
bones/9/rest = Transform( 0.99561, -0.00491421, -0.0934639, 0.0304366, 0.96134, 0.273675, 0.0885058, -0.275319, 0.95727, -6.58329e-08, 0.0242848, 2.56114e-09 )
bones/9/enabled = true
bones/9/bound_children = [  ]
bones/10/name = "shoulder.r"
bones/10/parent = 2
bones/10/rest = Transform( -0.0562463, -0.990972, -0.121696, -0.121694, -0.114176, 0.985979, -0.990973, 0.0702675, -0.114174, 0.00482996, 0.44715, -0.0203102 )
bones/10/enabled = true
bones/10/bound_children = [  ]
bones/11/name = "shoulder.r.001"
bones/11/parent = 10
bones/11/rest = Transform( 0.764368, 0.134289, 0.630642, -0.45384, 0.806807, 0.378274, -0.458008, -0.575351, 0.677643, -1.58325e-08, 0.163782, 8.60309e-08 )
bones/11/enabled = true
bones/11/bound_children = [  ]
bones/12/name = "bicep.r"
bones/12/parent = 11
bones/12/rest = Transform( 0.576848, 0.469116, 0.668713, -0.563073, 0.821433, -0.0905316, -0.591773, -0.324312, 0.737988, 3.72529e-08, 0.0370659, -4.42378e-08 )
bones/12/enabled = true
bones/12/bound_children = [  ]
bones/13/name = "elbow.r"
bones/13/parent = 12
bones/13/rest = Transform( 0.999538, -0.030136, 0.00404196, 0.0293669, 0.991268, 0.128549, -0.00788063, -0.128371, 0.991695, -1.81608e-08, 0.337677, 2.32831e-10 )
bones/13/enabled = true
bones/13/bound_children = [  ]
bones/14/name = "forearm.r"
bones/14/parent = 13
bones/14/rest = Transform( 0.99561, 0.0049142, 0.0934639, -0.0304366, 0.96134, 0.273675, -0.0885058, -0.275319, 0.95727, 5.98957e-08, 0.0242848, -4.42378e-09 )
bones/14/enabled = true
bones/14/bound_children = [  ]
bones/15/name = "thigh.l.003"
bones/15/parent = 1
bones/15/rest = Transform( 0.999883, 0.00907938, 0.0123471, 0.0128103, -0.93737, -0.3481, 0.00841327, 0.348217, -0.937377, 0.0996925, 0.153631, 0.0380522 )
bones/15/enabled = true
bones/15/bound_children = [  ]
bones/16/name = "thigh.l.001"
bones/16/parent = 15
bones/16/rest = Transform( 0.935354, 0.031903, 0.352272, 0.0963347, 0.9353, -0.340492, -0.340343, 0.352416, 0.871763, 9.37143e-09, 0.0953074, 5.70435e-09 )
bones/16/enabled = true
bones/16/bound_children = [  ]
bones/17/name = "knee.l"
bones/17/parent = 16
bones/17/rest = Transform( 0.999803, -0.0129175, -0.0150434, 0.0133759, 0.999436, 0.0307783, 0.0146374, -0.0309735, 0.999413, 2.32831e-08, 0.470168, 1.11759e-08 )
bones/17/enabled = true
bones/17/bound_children = [  ]
bones/18/name = "shin.l"
bones/18/parent = 17
bones/18/rest = Transform( 0.999822, -0.0163354, -0.00938294, 0.014852, 0.989923, -0.140826, 0.0115888, 0.140661, 0.98999, 6.98492e-09, 0.0528107, -1.86265e-09 )
bones/18/enabled = true
bones/18/bound_children = [  ]
bones/19/name = "thigh.l.004"
bones/19/parent = 1
bones/19/rest = Transform( 0.99935, -0.034504, -0.0104463, -0.0122593, -0.597753, 0.801587, -0.0339023, -0.800938, -0.597787, 0.0996925, 0.153631, 0.0380522 )
bones/19/enabled = true
bones/19/bound_children = [  ]
bones/20/name = "thigh.r.003"
bones/20/parent = 1
bones/20/rest = Transform( 0.999883, -0.00907938, -0.0123471, -0.0128103, -0.93737, -0.3481, -0.00841327, 0.348217, -0.937377, -0.0996925, 0.153631, 0.0380522 )
bones/20/enabled = true
bones/20/bound_children = [  ]
bones/21/name = "thigh.r.001"
bones/21/parent = 20
bones/21/rest = Transform( 0.935354, -0.031903, -0.352272, -0.0963347, 0.935299, -0.340492, 0.340343, 0.352416, 0.871762, -9.37143e-09, 0.0953074, 5.70435e-09 )
bones/21/enabled = true
bones/21/bound_children = [  ]
bones/22/name = "knee.r"
bones/22/parent = 21
bones/22/rest = Transform( 0.999803, 0.0129175, 0.0150433, -0.0133758, 0.999437, 0.0307783, -0.0146373, -0.0309734, 0.999413, -1.30385e-08, 0.470168, 1.86265e-08 )
bones/22/enabled = true
bones/22/bound_children = [  ]
bones/23/name = "shin.r"
bones/23/parent = 22
bones/23/rest = Transform( 0.999822, 0.0163354, 0.00938303, -0.014852, 0.989923, -0.140826, -0.0115889, 0.140661, 0.98999, -9.31323e-09, 0.0528108, -1.86265e-09 )
bones/23/enabled = true
bones/23/bound_children = [  ]
bones/24/name = "thigh.r.004"
bones/24/parent = 1
bones/24/rest = Transform( 0.99935, 0.034504, 0.0104463, 0.0122593, -0.597753, 0.801587, 0.0339023, -0.800938, -0.597787, -0.0996925, 0.153631, 0.0380522 )
bones/24/enabled = true
bones/24/bound_children = [  ]
bones/25/name = "knee_ik.l"
bones/25/parent = 0
bones/25/rest = Transform( -1, -8.88178e-16, 1.50996e-07, -1.37393e-08, 0.995852, -0.090991, -1.50369e-07, -0.090991, -0.995852, 0.250466, 1.2077, -0.591744 )
bones/25/enabled = true
bones/25/bound_children = [  ]
bones/26/name = "elbow_ik.l"
bones/26/parent = 0
bones/26/rest = Transform( 1, 1.38966e-22, -1.00825e-15, -9.17397e-17, -0.995852, -0.0909924, -1.00405e-15, 0.0909909, -0.995868, 0.277122, 0.00613017, -1.13542 )
bones/26/enabled = true
bones/26/bound_children = [  ]
bones/27/name = "hand_ik.l"
bones/27/parent = 0
bones/27/rest = Transform( 1, 1.32349e-22, -1.00826e-15, -9.17389e-17, -0.995852, -0.0909917, -1.00405e-15, 0.0909898, -0.995873, 0.333504, 0.336898, -0.909764 )
bones/27/enabled = true
bones/27/bound_children = [  ]
bones/28/name = "hand1.l"
bones/28/parent = 27
bones/28/rest = Transform( 0.984575, 0.120478, 0.126875, -0.120477, -0.0590069, 0.990961, 0.126875, -0.990961, -0.043582, 1.57952e-06, -5.95289e-07, -9.65704e-06 )
bones/28/enabled = true
bones/28/bound_children = [  ]
bones/29/name = "thumb1.l"
bones/29/parent = 28
bones/29/rest = Transform( 0.999036, 0.0396328, 0.0188779, -0.0429089, 0.972424, 0.229239, -0.00927195, -0.229829, 0.973187, -0.00496522, 0.0340302, -0.028183 )
bones/29/enabled = true
bones/29/bound_children = [  ]
bones/30/name = "thumb2.l"
bones/30/parent = 29
bones/30/rest = Transform( 0.998734, -0.0485377, 0.0132476, 0.0498859, 0.921072, -0.386183, 0.00654247, 0.386355, 0.922327, -4.56348e-08, 0.062698, -3.72529e-08 )
bones/30/enabled = true
bones/30/bound_children = [  ]
bones/31/name = "thumb3.l"
bones/31/parent = 30
bones/31/rest = Transform( 0.990152, -0.104544, -0.0931071, 0.104524, 0.994509, -0.00510803, 0.0931299, -0.00467416, 0.995643, 4.47035e-08, 0.0204147, 0 )
bones/31/enabled = true
bones/31/bound_children = [  ]
bones/32/name = "index1.l"
bones/32/parent = 28
bones/32/rest = Transform( 0.98226, -0.132344, -0.132853, 0.129012, 0.99108, -0.0334225, 0.136091, 0.01569, 0.990572, 0.0157909, 0.128208, -0.0218691 )
bones/32/enabled = true
bones/32/bound_children = [  ]
bones/33/name = "index2.l"
bones/33/parent = 32
bones/33/rest = Transform( 0.994459, -0.0802882, -0.0678623, 0.0634576, 0.973119, -0.221389, 0.083813, 0.215855, 0.972822, 4.68572e-09, 0.0302607, 1.62981e-09 )
bones/33/enabled = true
bones/33/bound_children = [  ]
bones/34/name = "index3.l"
bones/34/parent = 33
bones/34/rest = Transform( 0.998945, -0.0353888, -0.0292564, 0.0352955, 0.99937, -0.00370133, 0.029369, 0.0026648, 0.999565, -4.19095e-08, 0.0298579, -3.72529e-09 )
bones/34/enabled = true
bones/34/bound_children = [  ]
bones/35/name = "middle1.l"
bones/35/parent = 28
bones/35/rest = Transform( 0.970258, -0.187005, -0.153712, 0.163091, 0.974234, -0.155786, 0.178885, 0.126084, 0.975758, 0.0135663, 0.126338, -0.00262608 )
bones/35/enabled = true
bones/35/bound_children = [  ]
bones/36/name = "middle2.l"
bones/36/parent = 35
bones/36/rest = Transform( 0.996736, -0.0595263, -0.0545388, 0.0609708, 0.997821, 0.0252157, 0.052919, -0.0284587, 0.998193, -3.84171e-08, 0.0237053, -1.11759e-08 )
bones/36/enabled = true
bones/36/bound_children = [  ]
bones/37/name = "middle3.l"
bones/37/parent = 36
bones/37/rest = Transform( 0.996627, -0.0575476, -0.0585093, 0.0515293, 0.99369, -0.0996258, 0.0638733, 0.0962748, 0.993303, 2.09548e-08, 0.0385739, 4.65661e-10 )
bones/37/enabled = true
bones/37/bound_children = [  ]
bones/38/name = "ring1.l"
bones/38/parent = 28
bones/38/rest = Transform( 0.962106, -0.209448, -0.174599, 0.182548, 0.970391, -0.158168, 0.202557, 0.120301, 0.971853, 0.0116716, 0.123983, 0.017127 )
bones/38/enabled = true
bones/38/bound_children = [  ]
bones/39/name = "ring2.l"
bones/39/parent = 38
bones/39/rest = Transform( 0.998591, -0.0401802, -0.0346519, 0.0423201, 0.99709, 0.0634079, 0.0320033, -0.0647851, 0.997386, -1.41445e-08, 0.0335701, 8.3819e-09 )
bones/39/enabled = true
bones/39/bound_children = [  ]
bones/40/name = "ring3.l"
bones/40/parent = 39
bones/40/rest = Transform( 0.996529, -0.0594185, -0.0583111, 0.058945, 0.998213, -0.00980877, 0.0587897, 0.00633758, 0.99825, -5.00586e-09, 0.0285028, -3.25963e-09 )
bones/40/enabled = true
bones/40/bound_children = [  ]
bones/41/name = "pinky1.l"
bones/41/parent = 28
bones/41/rest = Transform( 0.977222, -0.165413, -0.132947, 0.14409, 0.977098, -0.156582, 0.155803, 0.133859, 0.978676, 0.00899843, 0.122989, 0.0315787 )
bones/41/enabled = true
bones/41/bound_children = [  ]
bones/42/name = "pinky2.l"
bones/42/parent = 41
bones/42/rest = Transform( 0.996099, -0.0645055, -0.0602124, 0.0672518, 0.996732, 0.044755, 0.0571287, -0.0486298, 0.997182, 3.08937e-08, 0.0268808, 3.72529e-09 )
bones/42/enabled = true
bones/42/bound_children = [  ]
bones/43/name = "pinky3.l"
bones/43/parent = 42
bones/43/rest = Transform( 0.998079, -0.0447493, -0.0428428, 0.0445394, 0.99899, -0.00584166, 0.043061, 0.00392225, 0.999065, 9.37143e-09, 0.0235591, 1.86265e-09 )
bones/43/enabled = true
bones/43/bound_children = [  ]
bones/44/name = "weapon.l"
bones/44/parent = 28
bones/44/rest = Transform( -0.984576, 0.120477, 0.126873, -0.120475, 0.0590069, -0.990961, -0.126875, -0.990961, -0.0435823, -2.09548e-09, 0.0844675, -1.86265e-09 )
bones/44/enabled = true
bones/44/bound_children = [  ]
bones/45/name = "weapon_edge.l"
bones/45/parent = 44
bones/45/rest = Transform( -0.970389, -0.172077, -0.169511, 0.172078, 4.76837e-07, -0.985083, 0.16951, -0.985084, 0.0296102, 3.76546e-08, 0.718982, 9.10198e-09 )
bones/45/enabled = true
bones/45/bound_children = [  ]
bones/46/name = "heel_ik.l"
bones/46/parent = 0
bones/46/rest = Transform( 1, -1.49223e-21, -1.00822e-15, -9.17406e-17, -0.995852, -0.0909908, -1.00404e-15, 0.0909911, -0.995848, 0.14523, 0.363588, -0.0269323 )
bones/46/enabled = true
bones/46/bound_children = [  ]
bones/47/name = "foot.l"
bones/47/parent = 46
bones/47/rest = Transform( 1, -5.37667e-24, 1.96237e-17, -8.38665e-18, -0.904076, 0.427373, 1.77413e-17, -0.427373, -0.904076, 1.47521e-06, 8.7177e-06, -5.56801e-06 )
bones/47/enabled = true
bones/47/bound_children = [  ]
bones/48/name = "toe.l"
bones/48/parent = 47
bones/48/rest = Transform( 1, -3.7586e-17, -1.77558e-17, 4.15689e-17, 0.904275, 0.42695, 8.77308e-21, -0.42695, 0.904275, 0, 0.175174, -1.86265e-09 )
bones/48/enabled = true
bones/48/bound_children = [  ]
bones/49/name = "knee_ik.r"
bones/49/parent = 0
bones/49/rest = Transform( -1, -8.88178e-16, 1.50996e-07, -1.37393e-08, 0.995852, -0.090991, -1.50369e-07, -0.090991, -0.995852, -0.250466, 1.2077, -0.591744 )
bones/49/enabled = true
bones/49/bound_children = [  ]
bones/50/name = "elbow_ik.r"
bones/50/parent = 0
bones/50/rest = Transform( 1, 1.38966e-22, -1.00825e-15, -9.17397e-17, -0.995852, -0.0909924, -1.00405e-15, 0.0909909, -0.995868, -0.277122, 0.00613017, -1.13542 )
bones/50/enabled = true
bones/50/bound_children = [  ]
bones/51/name = "hand_ik.r"
bones/51/parent = 0
bones/51/rest = Transform( 1, 1.32349e-22, -1.00826e-15, -9.17389e-17, -0.995852, -0.0909917, -1.00405e-15, 0.0909898, -0.995873, -0.333504, 0.336898, -0.909764 )
bones/51/enabled = true
bones/51/bound_children = [  ]
bones/52/name = "hand1.r"
bones/52/parent = 51
bones/52/rest = Transform( 0.984575, -0.120478, -0.126875, 0.120477, -0.0590069, 0.990961, -0.126875, -0.990961, -0.043582, -1.57952e-06, -6.1019e-07, -9.65704e-06 )
bones/52/enabled = true
bones/52/bound_children = [  ]
bones/53/name = "thumb1.r"
bones/53/parent = 52
bones/53/rest = Transform( 0.999036, -0.0396329, -0.0188779, 0.0429089, 0.972424, 0.22924, 0.00927193, -0.229829, 0.973187, 0.00496522, 0.0340302, -0.028183 )
bones/53/enabled = true
bones/53/bound_children = [  ]
bones/54/name = "thumb2.r"
bones/54/parent = 53
bones/54/rest = Transform( 0.998733, 0.0485377, -0.0132476, -0.0498859, 0.921072, -0.386183, -0.00654244, 0.386355, 0.922327, 4.56348e-08, 0.062698, -2.6077e-08 )
bones/54/enabled = true
bones/54/bound_children = [  ]
bones/55/name = "thumb3.r"
bones/55/parent = 54
bones/55/rest = Transform( 0.990152, 0.104544, 0.0931071, -0.104524, 0.994509, -0.00510802, -0.0931299, -0.00467417, 0.995643, -4.65661e-08, 0.0204147, -3.72529e-09 )
bones/55/enabled = true
bones/55/bound_children = [  ]
bones/56/name = "index1.r"
bones/56/parent = 52
bones/56/rest = Transform( 0.98226, 0.132344, 0.132853, -0.129012, 0.99108, -0.0334225, -0.136091, 0.01569, 0.990572, -0.0157909, 0.128208, -0.0218691 )
bones/56/enabled = true
bones/56/bound_children = [  ]
bones/57/name = "index2.r"
bones/57/parent = 56
bones/57/rest = Transform( 0.994459, 0.0802882, 0.0678623, -0.0634576, 0.973119, -0.221389, -0.083813, 0.215855, 0.972822, -4.5402e-09, 0.0302607, 1.62981e-09 )
bones/57/enabled = true
bones/57/bound_children = [  ]
bones/58/name = "index3.r"
bones/58/parent = 57
bones/58/rest = Transform( 0.998945, 0.0353888, 0.0292564, -0.0352955, 0.99937, -0.00370133, -0.029369, 0.0026648, 0.999565, 4.33065e-08, 0.0298579, -3.72529e-09 )
bones/58/enabled = true
bones/58/bound_children = [  ]
bones/59/name = "middle1.r"
bones/59/parent = 52
bones/59/rest = Transform( 0.970258, 0.187005, 0.153712, -0.163091, 0.974234, -0.155786, -0.178885, 0.126084, 0.975758, -0.0135663, 0.126338, -0.00262608 )
bones/59/enabled = true
bones/59/bound_children = [  ]
bones/60/name = "middle2.r"
bones/60/parent = 59
bones/60/rest = Transform( 0.996736, 0.0595263, 0.0545388, -0.0609708, 0.997821, 0.0252157, -0.052919, -0.0284587, 0.998193, 3.91155e-08, 0.0237053, -1.11759e-08 )
bones/60/enabled = true
bones/60/bound_children = [  ]
bones/61/name = "middle3.r"
bones/61/parent = 60
bones/61/rest = Transform( 0.996627, 0.0575476, 0.0585093, -0.0515293, 0.99369, -0.0996258, -0.0638733, 0.0962748, 0.993303, -1.93249e-08, 0.0385739, 4.65661e-10 )
bones/61/enabled = true
bones/61/bound_children = [  ]
bones/62/name = "ring1.r"
bones/62/parent = 52
bones/62/rest = Transform( 0.962106, 0.209448, 0.174599, -0.182548, 0.970391, -0.158168, -0.202557, 0.120301, 0.971853, -0.0116716, 0.123983, 0.017127 )
bones/62/enabled = true
bones/62/bound_children = [  ]
bones/63/name = "ring2.r"
bones/63/parent = 62
bones/63/rest = Transform( 0.998591, 0.0401802, 0.0346519, -0.0423201, 0.99709, 0.0634079, -0.0320033, -0.0647851, 0.997386, 1.52504e-08, 0.0335701, 8.3819e-09 )
bones/63/enabled = true
bones/63/bound_children = [  ]
bones/64/name = "ring3.r"
bones/64/parent = 63
bones/64/rest = Transform( 0.996529, 0.0594185, 0.0583111, -0.058945, 0.998213, -0.00980877, -0.0587897, 0.00633758, 0.99825, 6.63567e-09, 0.0285028, -5.12227e-09 )
bones/64/enabled = true
bones/64/bound_children = [  ]
bones/65/name = "pinky1.r"
bones/65/parent = 52
bones/65/rest = Transform( 0.977222, 0.165413, 0.132947, -0.14409, 0.977098, -0.156582, -0.155803, 0.133859, 0.978676, -0.00899844, 0.122989, 0.0315787 )
bones/65/enabled = true
bones/65/bound_children = [  ]
bones/66/name = "pinky2.r"
bones/66/parent = 65
bones/66/rest = Transform( 0.996099, 0.0645055, 0.0602124, -0.0672518, 0.996732, 0.044755, -0.0571287, -0.0486298, 0.997182, -3.04717e-08, 0.0268808, 3.72529e-09 )
bones/66/enabled = true
bones/66/bound_children = [  ]
bones/67/name = "pinky3.r"
bones/67/parent = 66
bones/67/rest = Transform( 0.998079, 0.0447493, 0.0428428, -0.0445394, 0.99899, -0.00584166, -0.043061, 0.00392225, 0.999065, -8.03266e-09, 0.0235591, 1.86265e-09 )
bones/67/enabled = true
bones/67/bound_children = [  ]
bones/68/name = "weapon.r"
bones/68/parent = 52
bones/68/rest = Transform( -0.984576, -0.120477, -0.126873, 0.120475, 0.0590069, -0.990961, 0.126875, -0.990961, -0.0435823, 4.65661e-10, 0.0844675, -1.86265e-09 )
bones/68/enabled = true
bones/68/bound_children = [  ]
bones/69/name = "weapon_edge.r"
bones/69/parent = 68
bones/69/rest = Transform( -0.970389, 0.172077, 0.169511, -0.172078, 4.76837e-07, -0.985083, -0.16951, -0.985084, 0.0296102, -3.76546e-08, 0.718982, 9.10198e-09 )
bones/69/enabled = true
bones/69/bound_children = [  ]
bones/70/name = "heel_ik.r"
bones/70/parent = 0
bones/70/rest = Transform( 1, -1.49223e-21, -1.00822e-15, -9.17406e-17, -0.995852, -0.0909908, -1.00404e-15, 0.0909911, -0.995848, -0.14523, 0.363588, -0.0269323 )
bones/70/enabled = true
bones/70/bound_children = [  ]
bones/71/name = "foot.r"
bones/71/parent = 70
bones/71/rest = Transform( 1, -5.37667e-24, 1.96237e-17, -8.38665e-18, -0.904076, 0.427373, 1.77413e-17, -0.427373, -0.904076, -1.47521e-06, 8.7177e-06, -5.56801e-06 )
bones/71/enabled = true
bones/71/bound_children = [  ]
bones/72/name = "toe.r"
bones/72/parent = 71
bones/72/rest = Transform( 1, -3.7586e-17, -1.77558e-17, 4.15689e-17, 0.904275, 0.42695, 8.77308e-21, -0.42695, 0.904275, 0, 0.175174, -1.86265e-09 )
bones/72/enabled = true
bones/72/bound_children = [  ]
