[gd_scene format=2]

[node name="Skeleton" type="Skeleton"]
bones/0/name = "Root"
bones/0/parent = -1
bones/0/rest = Transform( -1, 0, 0, 0, 0, 1, 0, 1, 0, 0, 0.0146263, 0.012701 )
bones/0/enabled = true
bones/0/bound_children = [  ]
bones/1/name = "Spine1"
bones/1/parent = 0
bones/1/rest = Transform( -0.99968, 0.0160917, -0.0195136, -0.0192636, 0.015548, 0.999693, 0.0163901, 0.999749, -0.0152332, -0.00322446, -0.0369147, 1.03335 )
bones/1/enabled = true
bones/1/bound_children = [  ]
bones/2/name = "Spine2"
bones/2/parent = 1
bones/2/rest = Transform( 0.999615, 0.0200579, -0.0191571, -0.0175974, 0.992503, 0.120946, 0.0214394, -0.120562, 0.992474, 2.22644e-09, 0.215162, 5.35556e-09 )
bones/2/enabled = true
bones/2/bound_children = [  ]
bones/3/name = "Spine3"
bones/3/parent = 2
bones/3/rest = Transform( 0.999995, -0.00208113, 0.00244108, 0.00237657, 0.991766, -0.128042, -0.00215451, 0.128048, 0.991766, -1.38243e-10, 0.249555, 2.18375e-09 )
bones/3/enabled = true
bones/3/bound_children = [  ]
bones/4/name = "Neck"
bones/4/parent = 3
bones/4/rest = Transform( 1, 0.000286091, -0.000720353, -0.000592033, 0.881779, -0.471663, 0.000500253, 0.471663, 0.881779, -7.27624e-12, 0.324432, -7.45022e-09 )
bones/4/enabled = true
bones/4/bound_children = [  ]
bones/5/name = "Head"
bones/5/parent = 4
bones/5/rest = Transform( 1, -2.2159e-09, 3.83531e-09, 4.43469e-11, 0.870836, 0.491573, -4.42921e-09, -0.491573, 0.870836, -4.44945e-16, 0.0810061, 2.50816e-08 )
bones/5/enabled = true
bones/5/bound_children = [  ]
bones/6/name = "Chest.L"
bones/6/parent = 3
bones/6/rest = Transform( 0.274845, 0.90651, 0.320467, -0.407094, -0.192238, 0.892927, 0.871054, -0.375877, 0.316199, 0.0389982, 0.316508, 0.073024 )
bones/6/enabled = true
bones/6/bound_children = [  ]
bones/7/name = "Bicep.L"
bones/7/parent = 6
bones/7/rest = Transform( 0.648903, 0.397282, -0.648916, -0.0440548, 0.871046, 0.489222, 0.759595, -0.28887, 0.582726, 7.07805e-08, 0.154603, 2.28174e-07 )
bones/7/enabled = true
bones/7/bound_children = [  ]
bones/8/name = "Forearm.L"
bones/8/parent = 7
bones/8/rest = Transform( 0.959936, 0.277229, -0.0408288, -0.255138, 0.924941, 0.281759, 0.115876, -0.260053, 0.958616, -4.84288e-08, 0.416736, 1.41561e-07 )
bones/8/enabled = true
bones/8/bound_children = [  ]
bones/9/name = "Chest.R"
bones/9/parent = 3
bones/9/rest = Transform( 0.276198, -0.906361, -0.319726, 0.406768, -0.191165, 0.893306, -0.870778, -0.376784, 0.315879, -0.0390806, 0.316555, 0.0729849 )
bones/9/enabled = true
bones/9/bound_children = [  ]
bones/10/name = "Bicep.R"
bones/10/parent = 9
bones/10/rest = Transform( 0.535342, -0.400398, 0.743701, -0.0610204, 0.859864, 0.506863, -0.842428, -0.316726, 0.435889, -3.72529e-09, 0.154603, 2.31899e-07 )
bones/10/enabled = true
bones/10/bound_children = [  ]
bones/11/name = "Forearm.R"
bones/11/parent = 10
bones/11/rest = Transform( 0.959937, -0.277225, 0.0408303, 0.255134, 0.924944, 0.281755, -0.115875, -0.26005, 0.958617, 1.3411e-07, 0.416736, -6.33299e-08 )
bones/11/enabled = true
bones/11/bound_children = [  ]
bones/12/name = "Ass.L"
bones/12/parent = 1
bones/12/rest = Transform( 0.45131, 0.0162045, 0.89222, 0.694892, 0.620903, -0.362773, -0.55986, 0.78372, 0.26896, 0.131317, 0.0026311, -0.0595121 )
bones/12/enabled = true
bones/12/bound_children = [  ]
bones/13/name = "Hip.L"
bones/13/parent = 12
bones/13/rest = Transform( 0.702045, -0.434458, 0.564251, -0.260419, -0.894086, -0.364407, 0.662808, 0.108888, -0.74083, -5.96046e-08, 0.189531, 6.51926e-08 )
bones/13/enabled = true
bones/13/bound_children = [  ]
bones/14/name = "Thigh.L.001"
bones/14/parent = 13
bones/14/rest = Transform( 0.897964, -0.111592, 0.425685, -0.120108, 0.868443, 0.481021, -0.423361, -0.483068, 0.766428, -4.33065e-08, 0.120731, 2.79397e-09 )
bones/14/enabled = true
bones/14/bound_children = [  ]
bones/15/name = "Shin.L"
bones/15/parent = 14
bones/15/rest = Transform( 0.999766, -0.0143333, -0.0161896, 0.0123409, 0.993045, -0.117085, 0.0177553, 0.116857, 0.99299, -5.50062e-09, 0.540117, -6.40284e-10 )
bones/15/enabled = true
bones/15/bound_children = [  ]
bones/16/name = "Ass.R"
bones/16/parent = 1
bones/16/rest = Transform( 0.406533, -0.0267755, -0.913244, -0.708703, 0.621595, -0.333706, 0.576603, 0.782881, 0.233723, -0.13519, 0.00692156, -0.0647134 )
bones/16/enabled = true
bones/16/bound_children = [  ]
bones/17/name = "Hip.R"
bones/17/parent = 16
bones/17/rest = Transform( 0.702044, 0.434457, -0.564252, 0.260417, -0.894086, -0.364408, -0.662809, 0.10889, -0.740829, -2.23517e-08, 0.189531, -3.72529e-09 )
bones/17/enabled = true
bones/17/bound_children = [  ]
bones/18/name = "Thigh.R.001"
bones/18/parent = 17
bones/18/rest = Transform( 0.897964, 0.111589, -0.425686, 0.120107, 0.868447, 0.481014, 0.423361, -0.483061, 0.766432, 2.04891e-08, 0.120731, 3.1665e-08 )
bones/18/enabled = true
bones/18/bound_children = [  ]
bones/19/name = "Shin.R"
bones/19/parent = 18
bones/19/rest = Transform( 0.999766, 0.014331, 0.0161896, -0.012339, 0.993047, -0.117067, -0.0177547, 0.11684, 0.992992, 4.70027e-09, 0.540116, -1.33878e-09 )
bones/19/enabled = true
bones/19/bound_children = [  ]
bones/20/name = "HandIK.L"
bones/20/parent = -1
bones/20/rest = Transform( 1, 0, 0, 0, 0, 1, 0, -1, 0, 0.7563, 1.35327, 0.0343818 )
bones/20/enabled = true
bones/20/bound_children = [  ]
bones/21/name = "Hand.L"
bones/21/parent = 20
bones/21/rest = Transform( 0.154077, 0.880602, 0.448107, -0.801701, -0.153666, 0.577635, 0.577525, -0.448248, 0.682304, 0, -2.98023e-08, 0 )
bones/21/enabled = true
bones/21/bound_children = [  ]
bones/22/name = "Thumb1.L"
bones/22/parent = 21
bones/22/rest = Transform( 0.988719, -0.107821, -0.103971, 0.124411, 0.977699, 0.169192, 0.0834104, -0.180218, 0.980084, 0.0426498, 0.0807889, -0.0637767 )
bones/22/enabled = true
bones/22/bound_children = [  ]
bones/23/name = "Thumb2.L"
bones/23/parent = 22
bones/23/rest = Transform( 0.987248, -0.115362, -0.109697, 0.117856, 0.992894, 0.0165049, 0.107014, -0.0292229, 0.993828, 2.98023e-08, 0.0368837, -1.56462e-07 )
bones/23/enabled = true
bones/23/bound_children = [  ]
bones/24/name = "Index1.L"
bones/24/parent = 21
bones/24/rest = Transform( 0.671285, -0.484561, -0.560872, 0.633698, 0.767701, 0.0951986, 0.384452, -0.419329, 0.822411, 0.0287665, 0.144163, -0.0201592 )
bones/24/enabled = true
bones/24/bound_children = [  ]
bones/25/name = "Index2.L"
bones/25/parent = 24
bones/25/rest = Transform( 0.998993, -0.0385611, -0.0229329, 0.037953, 0.998931, -0.0263864, 0.0239259, 0.0254894, 0.999389, 2.6077e-08, 0.0378636, 0 )
bones/25/enabled = true
bones/25/bound_children = [  ]
bones/26/name = "Index3.L"
bones/26/parent = 25
bones/26/rest = Transform( 0.999818, 0.0128023, 0.0141636, -0.0126754, 0.999879, -0.00901215, -0.0142773, 0.00883098, 0.999859, 6.70552e-08, 0.0361429, -3.72529e-08 )
bones/26/enabled = true
bones/26/bound_children = [  ]
bones/27/name = "Middle1.L"
bones/27/parent = 21
bones/27/rest = Transform( 0.6679, -0.510951, -0.541147, 0.641911, 0.763446, 0.0714201, 0.376644, -0.395069, 0.83789, 0.00504109, 0.148373, -0.00124832 )
bones/27/enabled = true
bones/27/bound_children = [  ]
bones/28/name = "Middle2.L"
bones/28/parent = 27
bones/28/rest = Transform( 0.997443, 0.0577826, 0.0420494, -0.0586489, 0.998085, 0.0196683, -0.0408324, -0.0220842, 0.998922, -2.04891e-08, 0.0357478, 0 )
bones/28/enabled = true
bones/28/bound_children = [  ]
bones/29/name = "Middle3.L"
bones/29/parent = 28
bones/29/rest = Transform( 0.99334, -0.0818997, -0.0810482, 0.0833772, 0.996405, 0.015011, 0.0795274, -0.0216686, 0.996597, -1.67638e-08, 0.0378637, -1.86265e-08 )
bones/29/enabled = true
bones/29/bound_children = [  ]
bones/30/name = "Ring1.L"
bones/30/parent = 21
bones/30/rest = Transform( 0.8156, -0.45159, -0.361749, 0.509411, 0.856909, 0.078794, 0.274403, -0.248543, 0.92894, -0.0209084, 0.144081, 0.0143025 )
bones/30/enabled = true
bones/30/bound_children = [  ]
bones/31/name = "Ring2.L"
bones/31/parent = 30
bones/31/rest = Transform( 0.988928, -0.090621, -0.11751, 0.0997983, 0.992199, 0.0747114, 0.109823, -0.0856115, 0.990257, -9.31323e-09, 0.0291994, 4.28408e-08 )
bones/31/enabled = true
bones/31/bound_children = [  ]
bones/32/name = "Ring3.L"
bones/32/parent = 31
bones/32/rest = Transform( 0.969878, -0.174576, -0.169882, 0.181895, 0.982908, 0.028394, 0.162022, -0.0584394, 0.985055, 4.84288e-08, 0.0354077, -7.45058e-09 )
bones/32/enabled = true
bones/32/bound_children = [  ]
bones/33/name = "Pinky1.L"
bones/33/parent = 21
bones/33/rest = Transform( 0.864881, -0.385689, -0.321286, 0.438737, 0.891797, 0.11049, 0.243907, -0.23652, 0.940514, -0.0500555, 0.131068, 0.0280429 )
bones/33/enabled = true
bones/33/bound_children = [  ]
bones/34/name = "Pinky2.L"
bones/34/parent = 33
bones/34/rest = Transform( 0.977578, -0.145147, -0.152557, 0.153902, 0.986959, 0.0471799, 0.14372, -0.0696009, 0.987168, -6.75209e-08, 0.0402216, 1.81608e-08 )
bones/34/enabled = true
bones/34/bound_children = [  ]
bones/35/name = "Pinky3.L"
bones/35/parent = 34
bones/35/rest = Transform( 0.994571, -0.0182231, -0.102456, 0.0355908, 0.984742, 0.170342, 0.0977882, -0.173064, 0.980044, 6.23986e-08, 0.0240142, 1.10362e-07 )
bones/35/enabled = true
bones/35/bound_children = [  ]
bones/36/name = "WeaponBone.L"
bones/36/parent = 21
bones/36/rest = Transform( 0.170052, 0.801055, 0.573928, -0.973119, 0.228298, -0.0303152, -0.155311, -0.553346, 0.818344, -2.98023e-08, 0.131732, -1.11759e-08 )
bones/36/enabled = true
bones/36/bound_children = [  ]
bones/37/name = "WeaponDir.L"
bones/37/parent = 36
bones/37/rest = Transform( -0.309651, -0.889519, -0.335965, 0.649118, 0.0604329, -0.758283, 0.694811, -0.452884, 0.55869, -3.72529e-09, 0.701884, 3.72529e-09 )
bones/37/enabled = true
bones/37/bound_children = [  ]
bones/38/name = "KneeTarget.L"
bones/38/parent = -1
bones/38/rest = Transform( -1, 0, 0, 0, 0, 1, 0, 1, 0, 0.134581, 0.511346, 1.00768 )
bones/38/enabled = true
bones/38/bound_children = [  ]
bones/39/name = "FootIK.L"
bones/39/parent = -1
bones/39/rest = Transform( 1, 0, 0, 0, 0, 1, 0, -1, 0, 0.134625, 0.0436081, 0.00194212 )
bones/39/enabled = true
bones/39/bound_children = [  ]
bones/40/name = "Foot.L"
bones/40/parent = 39
bones/40/rest = Transform( 1, 4.26326e-14, 7.15257e-07, -2.96461e-07, -0.910058, 0.414481, 6.50926e-07, -0.414482, -0.910056, -1.04308e-07, 2.83122e-07, -5.06639e-07 )
bones/40/enabled = true
bones/40/bound_children = [  ]
bones/41/name = "Toe.L"
bones/41/parent = 40
bones/41/rest = Transform( 1, 2.59201e-07, 2.43307e-06, -1.1233e-06, 0.932027, 0.362389, -2.17376e-06, -0.362389, 0.932027, 1.40598e-08, 0.161854, -2.42881e-09 )
bones/41/enabled = true
bones/41/bound_children = [  ]
bones/42/name = "HandIK.R"
bones/42/parent = -1
bones/42/rest = Transform( 1, 0, 0, 0, 0, 1, 0, -1, 0, -0.7563, 1.35327, 0.0343818 )
bones/42/enabled = true
bones/42/bound_children = [  ]
bones/43/name = "Hand.R"
bones/43/parent = 42
bones/43/rest = Transform( 0.154077, -0.880602, -0.448107, 0.801701, -0.153666, 0.577635, -0.577525, -0.448248, 0.682304, 1.78814e-07, -2.98023e-08, -1.19209e-07 )
bones/43/enabled = true
bones/43/bound_children = [  ]
bones/44/name = "Thumb1.R"
bones/44/parent = 43
bones/44/rest = Transform( 0.988719, 0.107821, 0.103971, -0.124411, 0.977699, 0.169192, -0.0834104, -0.180218, 0.980084, -0.0426498, 0.080789, -0.0637766 )
bones/44/enabled = true
bones/44/bound_children = [  ]
bones/45/name = "Thumb2.R"
bones/45/parent = 44
bones/45/rest = Transform( 0.987248, 0.115362, 0.109697, -0.117856, 0.992894, 0.0165049, -0.107014, -0.0292229, 0.993828, -2.98023e-08, 0.0368836, -6.70552e-08 )
bones/45/enabled = true
bones/45/bound_children = [  ]
bones/46/name = "Index1.R"
bones/46/parent = 43
bones/46/rest = Transform( 0.671285, 0.484561, 0.560872, -0.633698, 0.767701, 0.0951986, -0.384452, -0.419329, 0.822411, -0.0287666, 0.144163, -0.0201591 )
bones/46/enabled = true
bones/46/bound_children = [  ]
bones/47/name = "Index2.R"
bones/47/parent = 46
bones/47/rest = Transform( 0.998993, 0.0385611, 0.0229329, -0.037953, 0.998931, -0.0263864, -0.0239259, 0.0254894, 0.999389, -8.56817e-08, 0.0378636, 1.49012e-08 )
bones/47/enabled = true
bones/47/bound_children = [  ]
bones/48/name = "Index3.R"
bones/48/parent = 47
bones/48/rest = Transform( 0.999818, -0.0128023, -0.0141636, 0.0126754, 0.999879, -0.00901215, 0.0142773, 0.00883098, 0.999859, -3.72529e-08, 0.0361428, -7.45058e-09 )
bones/48/enabled = true
bones/48/bound_children = [  ]
bones/49/name = "Middle1.R"
bones/49/parent = 43
bones/49/rest = Transform( 0.6679, 0.510951, 0.541147, -0.641911, 0.763446, 0.0714201, -0.376644, -0.395069, 0.83789, -0.00504106, 0.148373, -0.00124829 )
bones/49/enabled = true
bones/49/bound_children = [  ]
bones/50/name = "Middle2.R"
bones/50/parent = 49
bones/50/rest = Transform( 0.997443, -0.0577826, -0.0420494, 0.0586489, 0.998085, 0.0196683, 0.0408324, -0.0220842, 0.998922, -3.91155e-08, 0.0357477, 2.98023e-08 )
bones/50/enabled = true
bones/50/bound_children = [  ]
bones/51/name = "Middle3.R"
bones/51/parent = 50
bones/51/rest = Transform( 0.99334, 0.0818997, 0.0810482, -0.0833772, 0.996405, 0.015011, -0.0795274, -0.0216686, 0.996597, -4.28408e-08, 0.0378639, -4.84288e-08 )
bones/51/enabled = true
bones/51/bound_children = [  ]
bones/52/name = "Ring1.R"
bones/52/parent = 43
bones/52/rest = Transform( 0.8156, 0.45159, 0.361749, -0.509411, 0.856909, 0.078794, -0.274403, -0.248543, 0.92894, 0.0209083, 0.144081, 0.0143026 )
bones/52/enabled = true
bones/52/bound_children = [  ]
bones/53/name = "Ring2.R"
bones/53/parent = 52
bones/53/rest = Transform( 0.988928, 0.090621, 0.11751, -0.0997983, 0.992199, 0.0747114, -0.109823, -0.0856115, 0.990257, -5.02914e-08, 0.0291994, 4.28408e-08 )
bones/53/enabled = true
bones/53/bound_children = [  ]
bones/54/name = "Ring3.R"
bones/54/parent = 53
bones/54/rest = Transform( 0.969878, 0.174576, 0.169882, -0.181895, 0.982908, 0.028394, -0.162022, -0.0584394, 0.985055, 4.09782e-08, 0.0354077, 2.23517e-08 )
bones/54/enabled = true
bones/54/bound_children = [  ]
bones/55/name = "Pinky1.R"
bones/55/parent = 43
bones/55/rest = Transform( 0.864881, 0.385689, 0.321286, -0.438737, 0.891797, 0.11049, -0.243907, -0.23652, 0.940514, 0.0500555, 0.131068, 0.028043 )
bones/55/enabled = true
bones/55/bound_children = [  ]
bones/56/name = "Pinky2.R"
bones/56/parent = 55
bones/56/rest = Transform( 0.977578, 0.145147, 0.152557, -0.153902, 0.986959, 0.0471799, -0.14372, -0.0696009, 0.987168, 1.27126e-07, 0.0402215, 4.79631e-08 )
bones/56/enabled = true
bones/56/bound_children = [  ]
bones/57/name = "Pinky3.R"
bones/57/parent = 56
bones/57/rest = Transform( 0.994571, 0.0182231, 0.102456, -0.0355908, 0.984742, 0.170342, -0.0977882, -0.173064, 0.980044, -1.22003e-07, 0.0240141, 5.07571e-08 )
bones/57/enabled = true
bones/57/bound_children = [  ]
bones/58/name = "WeaponBone.R"
bones/58/parent = 43
bones/58/rest = Transform( 0.170052, -0.801055, -0.573928, 0.973119, 0.228298, -0.0303152, 0.155311, -0.553346, 0.818344, 5.96046e-08, 0.131732, 1.86265e-08 )
bones/58/enabled = true
bones/58/bound_children = [  ]
bones/59/name = "WeaponDir.R"
bones/59/parent = 58
bones/59/rest = Transform( -0.309651, 0.889519, 0.335965, -0.649118, 0.060433, -0.758283, -0.694811, -0.452884, 0.55869, 6.33299e-08, 0.701884, -5.58794e-08 )
bones/59/enabled = true
bones/59/bound_children = [  ]
bones/60/name = "KneeTarget.R"
bones/60/parent = -1
bones/60/rest = Transform( -1, 0, 0, 0, 0, 1, 0, 1, 0, -0.134581, 0.511346, 1.00768 )
bones/60/enabled = true
bones/60/bound_children = [  ]
bones/61/name = "FootIK.R"
bones/61/parent = -1
bones/61/rest = Transform( 1, 0, 0, 0, 0, 1, 0, -1, 0, -0.134625, 0.0436081, 0.00194212 )
bones/61/enabled = true
bones/61/bound_children = [  ]
bones/62/name = "Foot.R"
bones/62/parent = 61
bones/62/rest = Transform( 1, 3.2685e-13, -7.1526e-07, 2.96461e-07, -0.910058, 0.414482, -6.50927e-07, -0.414481, -0.910059, 1.49012e-07, -5.96046e-08, -1.49012e-07 )
bones/62/enabled = true
bones/62/bound_children = [  ]
bones/63/name = "Toe.R"
bones/63/parent = 62
bones/63/rest = Transform( 1, -2.59201e-07, -2.43307e-06, 1.1233e-06, 0.932027, 0.362388, 2.17376e-06, -0.362388, 0.932027, 8.41007e-10, 0.161854, 5.02144e-09 )
bones/63/enabled = true
bones/63/bound_children = [  ]
bones/64/name = "ElbowIK.L"
bones/64/parent = -1
bones/64/rest = Transform( 1, 0, 0, 0, 0, 1, 0, -1, 0, 0.509868, 1.5657, -0.719026 )
bones/64/enabled = true
bones/64/bound_children = [  ]
bones/65/name = "ElbowIK.R"
bones/65/parent = -1
bones/65/rest = Transform( 1, 0, 0, 0, 0, 1, 0, -1, 0, -0.509868, 1.5657, -0.719026 )
bones/65/enabled = true
bones/65/bound_children = [  ]
