[gd_scene format=2]

[node name="Skeleton" type="Skeleton"]
bones/0/name = "Root"
bones/0/parent = -1
bones/0/rest = Transform( -1, 0, 0, 0, 0, 1, 0, 1, 0, 0, 0.0146263, 0.012701 )
bones/0/enabled = true
bones/0/bound_children = [  ]
bones/1/name = "Spine1"
bones/1/parent = 0
bones/1/rest = Transform( -0.99968, 0.0160917, -0.0195136, -0.0192636, 0.015548, 0.999693, 0.0163901, 0.999749, -0.0152332, -0.00322446, -0.0369147, 1.03335 )
bones/1/enabled = true
bones/1/bound_children = [  ]
bones/2/name = "Spine2"
bones/2/parent = 1
bones/2/rest = Transform( 0.999615, 0.0200579, -0.0191571, -0.0175974, 0.992503, 0.120946, 0.0214394, -0.120562, 0.992474, 2.22644e-09, 0.215162, 5.35556e-09 )
bones/2/enabled = true
bones/2/bound_children = [  ]
bones/3/name = "Spine3"
bones/3/parent = 2
bones/3/rest = Transform( 0.999995, -0.00208113, 0.00244108, 0.00237657, 0.991766, -0.128042, -0.00215451, 0.128048, 0.991766, -1.52795e-10, 0.249555, 2.18688e-09 )
bones/3/enabled = true
bones/3/bound_children = [  ]
bones/4/name = "Neck"
bones/4/parent = 3
bones/4/rest = Transform( 1, 0.000286085, -0.00072035, -0.000592027, 0.881779, -0.471663, 0.000500253, 0.471663, 0.881778, -7.27595e-11, 0.324432, -3.72533e-09 )
bones/4/enabled = true
bones/4/bound_children = [  ]
bones/5/name = "Head"
bones/5/parent = 4
bones/5/rest = Transform( 1, 4.39254e-09, 4.88606e-09, -6.22705e-09, 0.870836, 0.491573, -2.09571e-09, -0.491573, 0.870836, 6.96978e-16, 0.0810061, 2.50816e-08 )
bones/5/enabled = true
bones/5/bound_children = [  ]
bones/6/name = "Chest.L"
bones/6/parent = 3
bones/6/rest = Transform( 0.200354, 0.943729, 0.263124, -0.392562, -0.168738, 0.904114, 0.897638, -0.284436, 0.336664, 0.0389983, 0.316508, 0.0730239 )
bones/6/enabled = true
bones/6/bound_children = [  ]
bones/7/name = "Bicep.L"
bones/7/parent = 6
bones/7/rest = Transform( 0.91704, 0.323776, -0.232825, -0.211844, 0.890136, 0.40346, 0.337877, -0.320667, 0.88488, -3.1665e-08, 0.207111, 9.31323e-10 )
bones/7/enabled = true
bones/7/bound_children = [  ]
bones/8/name = "Forearm.L"
bones/8/parent = 7
bones/8/rest = Transform( 0.930934, 0.363379, -0.0362965, -0.34984, 0.915906, 0.196794, 0.104755, -0.170504, 0.979773, 7.45058e-09, 0.356598, -1.22614e-07 )
bones/8/enabled = true
bones/8/bound_children = [  ]
bones/9/name = "Chest.R"
bones/9/parent = 3
bones/9/rest = Transform( 0.201717, -0.943643, -0.26239, 0.392323, -0.167621, 0.904426, -0.897437, -0.28538, 0.336401, -0.0390807, 0.316555, 0.0729849 )
bones/9/enabled = true
bones/9/bound_children = [  ]
bones/10/name = "Bicep.R"
bones/10/parent = 9
bones/10/rest = Transform( 0.917039, -0.323778, 0.232825, 0.211845, 0.890135, 0.403461, -0.337877, -0.320666, 0.88488, 1.39698e-07, 0.207111, -3.78117e-07 )
bones/10/enabled = true
bones/10/bound_children = [  ]
bones/11/name = "Forearm.R"
bones/11/parent = 10
bones/11/rest = Transform( 0.930936, -0.363375, 0.0362981, 0.349836, 0.915908, 0.196792, -0.104755, -0.170502, 0.979773, -3.72529e-09, 0.356598, 9.77016e-08 )
bones/11/enabled = true
bones/11/bound_children = [  ]
bones/12/name = "Ass.L"
bones/12/parent = 1
bones/12/rest = Transform( 0.451311, 0.0162043, 0.89222, 0.694892, 0.620903, -0.362773, -0.55986, 0.78372, 0.26896, 0.131317, 0.0026311, -0.0595121 )
bones/12/enabled = true
bones/12/bound_children = [  ]
bones/13/name = "Hip.L"
bones/13/parent = 12
bones/13/rest = Transform( 0.702046, -0.434459, 0.56425, -0.260421, -0.894085, -0.364406, 0.662808, 0.108887, -0.74083, 6.70552e-08, 0.189531, 4.09782e-08 )
bones/13/enabled = true
bones/13/bound_children = [  ]
bones/14/name = "Thigh.L.001"
bones/14/parent = 13
bones/14/rest = Transform( 0.897964, -0.111594, 0.425684, -0.120108, 0.868439, 0.481028, -0.42336, -0.483074, 0.766424, -1.90921e-08, 0.120731, 2.51457e-08 )
bones/14/enabled = true
bones/14/bound_children = [  ]
bones/15/name = "Shin.L"
bones/15/parent = 14
bones/15/rest = Transform( 0.999766, -0.0143354, -0.0161901, 0.0123426, 0.993043, -0.117102, 0.0177562, 0.116874, 0.992988, -1.10304e-08, 0.540117, -9.60426e-09 )
bones/15/enabled = true
bones/15/bound_children = [  ]
bones/16/name = "Ass.R"
bones/16/parent = 1
bones/16/rest = Transform( 0.406533, -0.0267752, -0.913244, -0.708703, 0.621595, -0.333705, 0.576603, 0.782881, 0.233723, -0.13519, 0.00692132, -0.0647134 )
bones/16/enabled = true
bones/16/bound_children = [  ]
bones/17/name = "Hip.R"
bones/17/parent = 16
bones/17/rest = Transform( 0.702045, 0.434459, -0.564251, 0.26042, -0.894086, -0.364407, -0.662808, 0.108887, -0.74083, -1.15484e-07, 0.189531, 1.67638e-08 )
bones/17/enabled = true
bones/17/bound_children = [  ]
bones/18/name = "Thigh.R.001"
bones/18/parent = 17
bones/18/rest = Transform( 0.897964, 0.111592, -0.425685, 0.120108, 0.868441, 0.481024, 0.423361, -0.48307, 0.766426, 3.11993e-08, 0.120731, 9.31323e-09 )
bones/18/enabled = true
bones/18/bound_children = [  ]
bones/19/name = "Shin.R"
bones/19/parent = 18
bones/19/rest = Transform( 0.999766, 0.0143343, 0.0161893, -0.0123419, 0.993044, -0.117091, -0.0177551, 0.116864, 0.992989, 1.52359e-08, 0.540117, 3.49246e-10 )
bones/19/enabled = true
bones/19/bound_children = [  ]
bones/20/name = "FootIK.L"
bones/20/parent = 0
bones/20/rest = Transform( -1, 0, 0, 0, -1, 0, 0, 0, 1, -0.134625, -0.0107589, 0.0289818 )
bones/20/enabled = true
bones/20/bound_children = [  ]
bones/21/name = "Foot.L"
bones/21/parent = 20
bones/21/rest = Transform( 1, -1.84741e-13, 7.15254e-07, -2.96459e-07, -0.910058, 0.414482, 6.50922e-07, -0.414481, -0.910059, -5.96046e-08, -4.47035e-08, -4.76837e-07 )
bones/21/enabled = true
bones/21/bound_children = [  ]
bones/22/name = "Toe.L"
bones/22/parent = 21
bones/22/rest = Transform( 1, 2.592e-07, 2.43344e-06, -1.12343e-06, 0.932027, 0.362388, -2.1741e-06, -0.362388, 0.932027, -1.57426e-08, 0.161854, 5.02098e-09 )
bones/22/enabled = true
bones/22/bound_children = [  ]
bones/23/name = "HandIK.L"
bones/23/parent = 0
bones/23/rest = Transform( -0.999728, 0.0233289, -0.000605811, -0.0231726, -0.995432, -0.0926173, -0.00276367, -0.092577, 0.995713, -0.7389, 0.0196179, 1.36751 )
bones/23/enabled = true
bones/23/bound_children = [  ]
bones/24/name = "Hand.L"
bones/24/parent = 23
bones/24/rest = Transform( 0.193077, 0.758315, 0.622639, -0.865172, -0.167747, 0.472586, 0.462815, -0.629936, 0.623685, -1.29803e-07, 5.21541e-08, -1.89175e-08 )
bones/24/enabled = true
bones/24/bound_children = [  ]
bones/25/name = "Thumb1.L"
bones/25/parent = 24
bones/25/rest = Transform( 0.99289, -0.0531, -0.106539, 0.0643732, 0.992352, 0.105328, 0.100131, -0.111438, 0.988714, 0.0438837, 0.0803531, -0.0650587 )
bones/25/enabled = true
bones/25/bound_children = [  ]
bones/26/name = "Thumb2.L"
bones/26/parent = 25
bones/26/rest = Transform( 0.985734, -0.113895, -0.123917, 0.117269, 0.992894, 0.0202537, 0.12073, -0.0344964, 0.992086, 2.23517e-08, 0.0368833, 7.45058e-09 )
bones/26/enabled = true
bones/26/bound_children = [  ]
bones/27/name = "Index1.L"
bones/27/parent = 24
bones/27/rest = Transform( 0.67267, -0.424649, -0.605961, 0.570519, 0.819142, 0.0592831, 0.471194, -0.38559, 0.793282, 0.0304039, 0.140987, -0.0175904 )
bones/27/enabled = true
bones/27/bound_children = [  ]
bones/28/name = "Index2.L"
bones/28/parent = 27
bones/28/rest = Transform( 0.998832, -0.0384165, -0.0293074, 0.0376327, 0.998931, -0.0268433, 0.0303073, 0.025709, 0.99921, 3.72529e-09, 0.0378632, 1.49012e-08 )
bones/28/enabled = true
bones/28/bound_children = [  ]
bones/29/name = "Index3.L"
bones/29/parent = 28
bones/29/rest = Transform( 0.999808, 0.0129094, 0.0147206, -0.0127797, 0.999879, -0.00886612, -0.0148333, 0.0086763, 0.999852, 1.86265e-08, 0.0361426, 1.49012e-08 )
bones/29/enabled = true
bones/29/bound_children = [  ]
bones/30/name = "Middle1.L"
bones/30/parent = 24
bones/30/rest = Transform( 0.667734, -0.452548, -0.591042, 0.579424, 0.814436, 0.0310136, 0.467331, -0.363173, 0.806044, 0.00585017, 0.144972, 0.000283528 )
bones/30/enabled = true
bones/30/bound_children = [  ]
bones/31/name = "Middle2.L"
bones/31/parent = 30
bones/31/rest = Transform( 0.997078, 0.0575643, 0.0502225, -0.0586182, 0.998085, 0.0197683, -0.0489883, -0.0226545, 0.998542, -5.58794e-09, 0.0357472, -4.09782e-08 )
bones/31/enabled = true
bones/31/bound_children = [  ]
bones/32/name = "Middle3.L"
bones/32/parent = 31
bones/32/rest = Transform( 0.992712, -0.0819411, -0.0883607, 0.0835145, 0.996405, 0.014253, 0.0868751, -0.0215285, 0.995986, 7.07805e-08, 0.0378632, 4.47035e-08 )
bones/32/enabled = true
bones/32/bound_children = [  ]
bones/33/name = "Ring1.L"
bones/33/parent = 24
bones/33/rest = Transform( 0.820126, -0.397505, -0.411562, 0.447317, 0.893938, 0.0279686, 0.356793, -0.207036, 0.910952, -0.0211132, 0.140842, 0.0140511 )
bones/33/enabled = true
bones/33/bound_children = [  ]
bones/34/name = "Ring2.L"
bones/34/parent = 33
bones/34/rest = Transform( 0.988279, -0.0907459, -0.122763, 0.100302, 0.992199, 0.0740306, 0.115088, -0.0854762, 0.989671, 1.39698e-07, 0.029199, 6.51926e-08 )
bones/34/enabled = true
bones/34/bound_children = [  ]
bones/35/name = "Ring3.L"
bones/35/parent = 34
bones/35/rest = Transform( 0.967185, -0.174974, -0.184223, 0.182473, 0.982907, 0.0244389, 0.176798, -0.0572527, 0.98258, 9.49949e-08, 0.0354074, 4.09782e-08 )
bones/35/enabled = true
bones/35/bound_children = [  ]
bones/36/name = "Pinky1.L"
bones/36/parent = 24
bones/36/rest = Transform( 0.871476, -0.33089, -0.361995, 0.376177, 0.924571, 0.0604939, 0.314674, -0.188894, 0.930215, -0.0515559, 0.128314, 0.0251859 )
bones/36/enabled = true
bones/36/bound_children = [  ]
bones/37/name = "Pinky2.L"
bones/37/parent = 36
bones/37/rest = Transform( 0.975412, -0.144563, -0.166353, 0.15417, 0.986959, 0.0462945, 0.157491, -0.0708028, 0.984979, 1.57161e-07, 0.0402211, -3.07336e-08 )
bones/37/enabled = true
bones/37/bound_children = [  ]
bones/38/name = "Pinky3.L"
bones/38/parent = 37
bones/38/rest = Transform( 0.99566, -0.0192188, -0.0910582, 0.0346056, 0.984741, 0.170549, 0.086391, -0.17296, 0.981133, -1.86265e-09, 0.0240139, -1.74623e-08 )
bones/38/enabled = true
bones/38/bound_children = [  ]
bones/39/name = "WeaponBone.L"
bones/39/parent = 24
bones/39/rest = Transform( 0.0666321, 0.84087, 0.537119, -0.943473, 0.228269, -0.240317, -0.324683, -0.490745, 0.808548, 1.11759e-08, 0.128553, -3.35276e-08 )
bones/39/enabled = true
bones/39/bound_children = [  ]
bones/40/name = "WeaponDir.L"
bones/40/parent = 39
bones/40/rest = Transform( -0.390791, -0.82453, -0.409184, 0.658216, 0.0604313, -0.7504, 0.643455, -0.562581, 0.519103, -7.45058e-09, 0.701884, -1.63913e-07 )
bones/40/enabled = true
bones/40/bound_children = [  ]
bones/41/name = "KneeTarget.L"
bones/41/parent = 0
bones/41/rest = Transform( 1, 0, 0, 0, 1, 0, 0, 0, 1, -0.134581, 0.994976, 0.49672 )
bones/41/enabled = true
bones/41/bound_children = [  ]
bones/42/name = "ElbowIK.L"
bones/42/parent = 0
bones/42/rest = Transform( -1, 0, 0, 0, -1, 0, 0, 0, 1, -0.503745, -0.731727, 1.54551 )
bones/42/enabled = true
bones/42/bound_children = [  ]
bones/43/name = "FootIK.R"
bones/43/parent = 0
bones/43/rest = Transform( -1, 0, 0, 0, -1, 0, 0, 0, 1, 0.134625, -0.0107589, 0.0289818 )
bones/43/enabled = true
bones/43/bound_children = [  ]
bones/44/name = "Foot.R"
bones/44/parent = 43
bones/44/rest = Transform( 1, 2.70006e-13, -7.15256e-07, 2.9646e-07, -0.910058, 0.414481, -6.50924e-07, -0.414481, -0.910058, -2.98023e-08, -2.08616e-07, 1.49012e-07 )
bones/44/enabled = true
bones/44/bound_children = [  ]
bones/45/name = "Toe.R"
bones/45/parent = 44
bones/45/rest = Transform( 1, -2.592e-07, -2.43324e-06, 1.12336e-06, 0.932027, 0.362388, 2.17392e-06, -0.362388, 0.932027, 8.40895e-10, 0.161854, -5.66651e-10 )
bones/45/enabled = true
bones/45/bound_children = [  ]
bones/46/name = "HandIK.R"
bones/46/parent = 0
bones/46/rest = Transform( -0.999728, -0.0233289, 0.000605811, 0.0231726, -0.995432, -0.0926173, 0.00276367, -0.092577, 0.995713, 0.7389, 0.0196179, 1.36751 )
bones/46/enabled = true
bones/46/bound_children = [  ]
bones/47/name = "Hand.R"
bones/47/parent = 46
bones/47/rest = Transform( 0.193077, -0.758315, -0.622639, 0.865172, -0.167747, 0.472586, -0.462815, -0.629936, 0.623685, 7.39237e-09, 1.76951e-07, -1.26427e-07 )
bones/47/enabled = true
bones/47/bound_children = [  ]
bones/48/name = "Thumb1.R"
bones/48/parent = 47
bones/48/rest = Transform( 0.99289, 0.0531001, 0.106539, -0.0643732, 0.992352, 0.105328, -0.100132, -0.111437, 0.988714, -0.0438837, 0.0803533, -0.0650588 )
bones/48/enabled = true
bones/48/bound_children = [  ]
bones/49/name = "Thumb2.R"
bones/49/parent = 48
bones/49/rest = Transform( 0.985734, 0.113895, 0.123917, -0.117269, 0.992894, 0.0202539, -0.12073, -0.0344966, 0.992086, -1.2666e-07, 0.0368833, 8.9407e-08 )
bones/49/enabled = true
bones/49/bound_children = [  ]
bones/50/name = "Index1.R"
bones/50/parent = 47
bones/50/rest = Transform( 0.67267, 0.424649, 0.605961, -0.570519, 0.819142, 0.059283, -0.471194, -0.38559, 0.793282, -0.0304039, 0.140987, -0.0175905 )
bones/50/enabled = true
bones/50/bound_children = [  ]
bones/51/name = "Index2.R"
bones/51/parent = 50
bones/51/rest = Transform( 0.998832, 0.0384165, 0.0293074, -0.0376327, 0.998931, -0.0268432, -0.0303073, 0.0257089, 0.99921, -1.2666e-07, 0.0378632, 7.45058e-09 )
bones/51/enabled = true
bones/51/bound_children = [  ]
bones/52/name = "Index3.R"
bones/52/parent = 51
bones/52/rest = Transform( 0.999808, -0.0129094, -0.0147206, 0.0127798, 0.999879, -0.00886614, 0.0148332, 0.00867631, 0.999852, -1.41561e-07, 0.0361426, 2.98023e-08 )
bones/52/enabled = true
bones/52/bound_children = [  ]
bones/53/name = "Middle1.R"
bones/53/parent = 47
bones/53/rest = Transform( 0.667734, 0.452548, 0.591042, -0.579424, 0.814436, 0.0310135, -0.467331, -0.363173, 0.806044, -0.00585013, 0.144972, 0.000283472 )
bones/53/enabled = true
bones/53/bound_children = [  ]
bones/54/name = "Middle2.R"
bones/54/parent = 53
bones/54/rest = Transform( 0.997078, -0.0575642, -0.0502226, 0.0586181, 0.998085, 0.0197683, 0.0489885, -0.0226545, 0.998542, -3.35276e-08, 0.0357474, 2.98023e-08 )
bones/54/enabled = true
bones/54/bound_children = [  ]
bones/55/name = "Middle3.R"
bones/55/parent = 54
bones/55/rest = Transform( 0.992712, 0.081941, 0.0883608, -0.0835144, 0.996405, 0.014253, -0.0868753, -0.0215285, 0.995987, 3.72529e-08, 0.0378631, -7.45058e-09 )
bones/55/enabled = true
bones/55/bound_children = [  ]
bones/56/name = "Ring1.R"
bones/56/parent = 47
bones/56/rest = Transform( 0.820126, 0.397506, 0.411562, -0.447317, 0.893938, 0.0279685, -0.356793, -0.207036, 0.910953, 0.0211132, 0.140842, 0.0140511 )
bones/56/enabled = true
bones/56/bound_children = [  ]
bones/57/name = "Ring2.R"
bones/57/parent = 56
bones/57/rest = Transform( 0.988279, 0.0907456, 0.122763, -0.100302, 0.992199, 0.0740307, -0.115088, -0.0854763, 0.989671, -4.28408e-08, 0.0291991, -2.98023e-08 )
bones/57/enabled = true
bones/57/bound_children = [  ]
bones/58/name = "Ring3.R"
bones/58/parent = 57
bones/58/rest = Transform( 0.967185, 0.174974, 0.184223, -0.182473, 0.982907, 0.0244389, -0.176798, -0.0572527, 0.98258, -3.72529e-09, 0.0354073, 4.09782e-08 )
bones/58/enabled = true
bones/58/bound_children = [  ]
bones/59/name = "Pinky1.R"
bones/59/parent = 47
bones/59/rest = Transform( 0.871476, 0.33089, 0.361995, -0.376178, 0.924571, 0.0604936, -0.314674, -0.188893, 0.930215, 0.0515559, 0.128314, 0.0251858 )
bones/59/enabled = true
bones/59/bound_children = [  ]
bones/60/name = "Pinky2.R"
bones/60/parent = 59
bones/60/rest = Transform( 0.975412, 0.144563, 0.166353, -0.15417, 0.986959, 0.0462948, -0.157491, -0.0708031, 0.984979, 3.79514e-08, 0.0402211, 6.63567e-08 )
bones/60/enabled = true
bones/60/bound_children = [  ]
bones/61/name = "Pinky3.R"
bones/61/parent = 60
bones/61/rest = Transform( 0.99566, 0.0192188, 0.0910584, -0.0346057, 0.984741, 0.170549, -0.0863912, -0.17296, 0.981133, -2.86382e-08, 0.0240138, -5.84405e-08 )
bones/61/enabled = true
bones/61/bound_children = [  ]
bones/62/name = "WeaponBone.R"
bones/62/parent = 47
bones/62/rest = Transform( 0.066633, -0.84087, -0.537119, 0.943473, 0.228269, -0.240315, 0.324682, -0.490745, 0.808549, 2.98023e-08, 0.128553, -8.19564e-08 )
bones/62/enabled = true
bones/62/bound_children = [  ]
bones/63/name = "WeaponDir.R"
bones/63/parent = 62
bones/63/rest = Transform( -0.39079, 0.824531, 0.409184, -0.658215, 0.0604313, -0.7504, -0.643456, -0.56258, 0.519103, -2.42144e-08, 0.701884, 5.58794e-08 )
bones/63/enabled = true
bones/63/bound_children = [  ]
bones/64/name = "KneeTarget.R"
bones/64/parent = 0
bones/64/rest = Transform( 1, 0, 0, 0, 1, 0, 0, 0, 1, 0.134581, 0.994976, 0.49672 )
bones/64/enabled = true
bones/64/bound_children = [  ]
bones/65/name = "ElbowIK.R"
bones/65/parent = 0
bones/65/rest = Transform( -1, 0, 0, 0, -1, 0, 0, 0, 1, 0.503745, -0.731727, 1.54551 )
bones/65/enabled = true
bones/65/bound_children = [  ]
