[gd_scene format=2]

[node name="Skeleton" type="Skeleton"]
bones/0/name = "FootIK.L"
bones/0/parent = -1
bones/0/rest = Transform( 1, 0, 0, 0, 0, 1, 0, -1, 0, 0.125468, 0.0738576, 0.00186595 )
bones/0/enabled = true
bones/0/bound_children = [  ]
bones/1/name = "Foot.L"
bones/1/parent = 0
bones/1/rest = Transform( 0.970019, 0.0520885, 0.23738, -0.0520886, -0.909501, 0.412426, 0.23738, -0.412426, -0.87952, 3.01003e-06, -6.28829e-06, -1.19209e-07 )
bones/1/enabled = true
bones/1/bound_children = [  ]
bones/2/name = "Toe.L"
bones/2/parent = 1
bones/2/rest = Transform( -0.970019, 0.0520889, 0.23738, -0.0520884, 0.909501, -0.412426, -0.23738, -0.412426, -0.87952, 7.21775e-09, 0.154514, 7.45058e-09 )
bones/2/enabled = true
bones/2/bound_children = [  ]
bones/3/name = "KneeTarget.L"
bones/3/parent = -1
bones/3/rest = Transform( -1, 0, 0, 0, 0, 1, 0, 1, 0, 0.306087, 0.57646, 1.00768 )
bones/3/enabled = true
bones/3/bound_children = [  ]
bones/4/name = "HandIK.L"
bones/4/parent = -1
bones/4/rest = Transform( 1, 0, 0, 0, 0, 1, 0, -1, 0, 0.79843, 1.43325, 0.0324018 )
bones/4/enabled = true
bones/4/bound_children = [  ]
bones/5/name = "Hand.L"
bones/5/parent = 4
bones/5/rest = Transform( -0.00695801, 0.84598, 0.533169, -0.912683, -0.223241, 0.342305, 0.408608, -0.484233, 0.773665, 0, -4.47035e-08, -1.19209e-07 )
bones/5/enabled = true
bones/5/bound_children = [  ]
bones/6/name = "Thumb1.L"
bones/6/parent = 5
bones/6/rest = Transform( 0.917794, -0.131098, -0.37479, 0.164175, 0.984749, 0.0575781, 0.361526, -0.114376, 0.92532, 0.0673388, 0.0518704, -0.0436595 )
bones/6/enabled = true
bones/6/bound_children = [  ]
bones/7/name = "Thumb2.L"
bones/7/parent = 6
bones/7/rest = Transform( 0.985358, -0.0229659, -0.168943, 0.0494149, 0.986824, 0.154064, 0.163179, -0.160157, 0.97351, 6.70552e-08, 0.0371565, -3.72529e-08 )
bones/7/enabled = true
bones/7/bound_children = [  ]
bones/8/name = "Index1.L"
bones/8/parent = 5
bones/8/rest = Transform( 0.471847, -0.353697, -0.807625, 0.607102, 0.794595, 0.00670226, 0.639365, -0.493474, 0.589658, 0.0276298, 0.10911, -0.00959948 )
bones/8/enabled = true
bones/8/bound_children = [  ]
bones/9/name = "Index2.L"
bones/9/parent = 8
bones/9/rest = Transform( 0.999073, -0.0368801, -0.0221883, 0.0362376, 0.998931, -0.0286951, 0.0232229, 0.0278644, 0.999342, -7.07805e-08, 0.0378638, 7.45058e-09 )
bones/9/enabled = true
bones/9/bound_children = [  ]
bones/10/name = "Index3.L"
bones/10/parent = 9
bones/10/rest = Transform( 0.999797, 0.0133239, 0.0150883, -0.0132009, 0.999879, -0.00821789, -0.0151959, 0.00801705, 0.999852, 0, 0.0361429, -7.45058e-09 )
bones/10/enabled = true
bones/10/bound_children = [  ]
bones/11/name = "Middle1.L"
bones/11/parent = 5
bones/11/rest = Transform( 0.470903, -0.431959, -0.769196, 0.627058, 0.777197, -0.0525669, 0.620523, -0.457576, 0.636847, 0.000661275, 0.108409, -0.00190849 )
bones/11/enabled = true
bones/11/bound_children = [  ]
bones/12/name = "Middle2.L"
bones/12/parent = 11
bones/12/rest = Transform( 0.997633, 0.056243, 0.0395519, -0.057202, 0.998085, 0.0235475, -0.0381518, -0.0257542, 0.99894, 1.30385e-08, 0.0357479, -2.23517e-08 )
bones/12/enabled = true
bones/12/bound_children = [  ]
bones/13/name = "Middle3.L"
bones/13/parent = 12
bones/13/rest = Transform( 0.993338, -0.0831656, -0.0797755, 0.0841845, 0.996405, 0.00948944, 0.0786995, -0.0161421, 0.996768, 6.51926e-08, 0.0378636, 3.72529e-09 )
bones/13/enabled = true
bones/13/bound_children = [  ]
bones/14/name = "Ring1.L"
bones/14/parent = 5
bones/14/rest = Transform( 0.626709, -0.416019, -0.658911, 0.505982, 0.860318, -0.0619274, 0.592636, -0.294587, 0.749667, -0.0244132, 0.105543, 0.00933899 )
bones/14/enabled = true
bones/14/bound_children = [  ]
bones/15/name = "Ring2.L"
bones/15/parent = 14
bones/15/rest = Transform( 0.992348, -0.0993578, -0.0733055, 0.104378, 0.992199, 0.0681667, 0.0659607, -0.0752966, 0.994977, -3.44589e-08, 0.0291994, -5.58794e-08 )
bones/15/enabled = true
bones/15/bound_children = [  ]
bones/16/name = "Ring3.L"
bones/16/parent = 15
bones/16/rest = Transform( 0.969728, -0.177961, -0.167206, 0.183311, 0.982908, 0.0170024, 0.161323, -0.0471385, 0.985775, -5.96046e-08, 0.0354077, 6.89179e-08 )
bones/16/enabled = true
bones/16/bound_children = [  ]
bones/17/name = "Pinky1.L"
bones/17/parent = 5
bones/17/rest = Transform( 0.715048, -0.357053, -0.601015, 0.443896, 0.896068, -0.0042208, 0.540058, -0.26377, 0.799226, -0.055405, 0.0906098, 0.0142607 )
bones/17/enabled = true
bones/17/bound_children = [  ]
bones/18/name = "Pinky2.L"
bones/18/parent = 17
bones/18/rest = Transform( 0.977348, -0.149421, -0.149882, 0.156603, 0.986959, 0.0372462, 0.142362, -0.0598745, 0.988002, 3.44589e-08, 0.0402215, -4.30737e-08 )
bones/18/enabled = true
bones/18/bound_children = [  ]
bones/19/name = "Pinky3.L"
bones/19/parent = 18
bones/19/rest = Transform( 0.993312, -0.0292485, -0.111699, 0.0478119, 0.984742, 0.167323, 0.105101, -0.171545, 0.979554, 1.86265e-09, 0.0240141, -7.45058e-08 )
bones/19/enabled = true
bones/19/bound_children = [  ]
bones/20/name = "WeaponBone.L"
bones/20/parent = 5
bones/20/rest = Transform( 0.422758, 0.902289, 0.0845589, -0.749452, 0.295631, 0.592389, 0.509508, -0.31381, 0.801202, -5.96046e-08, 0.0950067, -1.86265e-09 )
bones/20/enabled = true
bones/20/bound_children = [  ]
bones/21/name = "WeaponDir.L"
bones/21/parent = 20
bones/21/rest = Transform( -0.174118, -0.959135, 0.22303, 0.643986, 0.0604331, 0.762647, -0.74496, 0.276418, 0.607148, -2.98023e-08, 0.701884, 7.07805e-08 )
bones/21/enabled = true
bones/21/bound_children = [  ]
bones/22/name = "ElbowTarget.L"
bones/22/parent = -1
bones/22/rest = Transform( 1, 0, 0, 0, 0, 1, 0, -1, 0, 0.511555, 1.67286, -0.796591 )
bones/22/enabled = true
bones/22/bound_children = [  ]
bones/23/name = "Root"
bones/23/parent = -1
bones/23/rest = Transform( -1, 0, 0, 0, 0, 1, 0, 1, 0, 0, 0.00076535, -0.368557 )
bones/23/enabled = true
bones/23/bound_children = [  ]
bones/24/name = "Spine1"
bones/24/parent = 23
bones/24/rest = Transform( -0.999999, 0.00109832, 0.00130102, 0.00114692, -0.130215, 0.991485, 0.00125837, 0.991485, 0.130213, -0.000139506, 0.391573, 1.22251 )
bones/24/enabled = true
bones/24/bound_children = [  ]
bones/25/name = "Spine2"
bones/25/parent = 24
bones/25/rest = Transform( 0.999952, -0.00599937, 0.0077655, 0.00542233, 0.997368, 0.0723074, -0.00817885, -0.0722618, 0.997352, -1.02752e-10, 0.127031, -1.25553e-08 )
bones/25/enabled = true
bones/25/bound_children = [  ]
bones/26/name = "Spine3"
bones/26/parent = 25
bones/26/rest = Transform( 0.999578, 0.0185921, -0.0222998, -0.02374, 0.965553, -0.259121, 0.0167141, 0.259541, 0.965587, 1.74623e-10, 0.235902, 2.91511e-08 )
bones/26/enabled = true
bones/26/bound_children = [  ]
bones/27/name = "Neck"
bones/27/parent = 26
bones/27/rest = Transform( 0.997788, -0.0405785, 0.05265, 0.0481256, 0.987351, -0.151072, -0.0458538, 0.153272, 0.987119, 1.42609e-09, 0.338674, 1.01027e-08 )
bones/27/enabled = true
bones/27/bound_children = [  ]
bones/28/name = "Head"
bones/28/parent = 27
bones/28/rest = Transform( 0.998901, 0.0364701, -0.0294459, -0.0294458, 0.977006, 0.211169, 0.0364702, -0.21007, 0.977006, -3.03464e-09, 0.0990665, -1.86772e-09 )
bones/28/enabled = true
bones/28/bound_children = [  ]
bones/29/name = "Chest.L"
bones/29/parent = 26
bones/29/rest = Transform( -0.0940883, 0.929031, 0.357838, 0.49747, -0.26747, 0.825217, 0.862364, 0.255657, -0.436999, 0.0727998, 0.326392, -0.000251904 )
bones/29/enabled = true
bones/29/bound_children = [  ]
bones/30/name = "Bicep.L"
bones/30/parent = 29
bones/30/rest = Transform( 0.727398, -0.508882, -0.46036, 0.475861, 0.857424, -0.195907, 0.494418, -0.0765646, 0.865846, -9.12696e-08, 0.167575, 5.12227e-08 )
bones/30/enabled = true
bones/30/bound_children = [  ]
bones/31/name = "Forearm.L"
bones/31/parent = 30
bones/31/rest = Transform( 0.977413, 0.17829, -0.113473, -0.115201, 0.899623, 0.421197, 0.177178, -0.398611, 0.899843, 1.75089e-07, 0.357851, 1.11759e-08 )
bones/31/enabled = true
bones/31/bound_children = [  ]
bones/32/name = "Chest.R"
bones/32/parent = 26
bones/32/rest = Transform( -0.105283, -0.913779, -0.392331, -0.500159, -0.292335, 0.815096, -0.859509, 0.282043, -0.426257, -0.0782524, 0.324355, 0.00191098 )
bones/32/enabled = true
bones/32/bound_children = [  ]
bones/33/name = "Bicep.R"
bones/33/parent = 32
bones/33/rest = Transform( 0.820673, 0.484282, 0.303261, -0.470886, 0.873836, -0.12115, -0.323671, -0.0433774, 0.945175, 2.79397e-08, 0.167575, 4.37722e-08 )
bones/33/enabled = true
bones/33/bound_children = [  ]
bones/34/name = "Forearm.R"
bones/34/parent = 33
bones/34/rest = Transform( 0.977414, -0.178288, 0.113472, 0.115202, 0.899627, 0.421188, -0.177175, -0.398603, 0.899847, 5.21541e-08, 0.357851, -5.96046e-08 )
bones/34/enabled = true
bones/34/bound_children = [  ]
bones/35/name = "Thigh.L"
bones/35/parent = 24
bones/35/rest = Transform( 0.826306, 0.0598103, 0.560014, 0.0293558, -0.997567, 0.0632247, 0.562428, -0.0358041, -0.82606, 0.0868375, -0.070499, -0.0609526 )
bones/35/enabled = true
bones/35/bound_children = [  ]
bones/36/name = "Shin.L"
bones/36/parent = 35
bones/36/rest = Transform( 0.986115, -0.132739, -0.0997867, 0.122009, 0.986756, -0.106893, 0.112654, 0.0932343, 0.98925, -1.11759e-08, 0.602725, -1.86265e-08 )
bones/36/enabled = true
bones/36/bound_children = [  ]
bones/37/name = "Thigh.R"
bones/37/parent = 24
bones/37/rest = Transform( 0.824774, -0.062716, -0.562016, -0.0321255, -0.997422, 0.0641626, -0.564602, -0.0348632, -0.824646, -0.0874295, -0.0703077, -0.0607259 )
bones/37/enabled = true
bones/37/bound_children = [  ]
bones/38/name = "Shin.R"
bones/38/parent = 37
bones/38/rest = Transform( 0.986119, 0.132706, 0.0997904, -0.121978, 0.986763, -0.106868, -0.112651, 0.0932127, 0.989253, -9.31323e-09, 0.602725, -5.58794e-09 )
bones/38/enabled = true
bones/38/bound_children = [  ]
bones/39/name = "HandIK.R"
bones/39/parent = -1
bones/39/rest = Transform( 1, 0, 0, 0, 0, 1, 0, -1, 0, -0.79843, 1.43325, 0.0324018 )
bones/39/enabled = true
bones/39/bound_children = [  ]
bones/40/name = "Hand.R"
bones/40/parent = 39
bones/40/rest = Transform( -0.00695837, -0.84598, -0.533169, 0.912683, -0.223241, 0.342305, -0.408609, -0.484233, 0.773665, -1.19209e-07, 1.19209e-07, -1.19209e-07 )
bones/40/enabled = true
bones/40/bound_children = [  ]
bones/41/name = "Thumb1.R"
bones/41/parent = 40
bones/41/rest = Transform( 0.917794, 0.131098, 0.37479, -0.164175, 0.984749, 0.0575781, -0.361526, -0.114376, 0.92532, -0.0673388, 0.0518705, -0.0436596 )
bones/41/enabled = true
bones/41/bound_children = [  ]
bones/42/name = "Thumb2.R"
bones/42/parent = 41
bones/42/rest = Transform( 0.985358, 0.0229659, 0.168944, -0.049415, 0.986824, 0.154064, -0.163179, -0.160157, 0.97351, 1.19209e-07, 0.0371567, 7.45058e-09 )
bones/42/enabled = true
bones/42/bound_children = [  ]
bones/43/name = "Index1.R"
bones/43/parent = 40
bones/43/rest = Transform( 0.471847, 0.353698, 0.807626, -0.607102, 0.794596, 0.00670211, -0.639365, -0.493474, 0.589658, -0.0276298, 0.10911, -0.00959954 )
bones/43/enabled = true
bones/43/bound_children = [  ]
bones/44/name = "Index2.R"
bones/44/parent = 43
bones/44/rest = Transform( 0.999073, 0.0368802, 0.0221883, -0.0362376, 0.998931, -0.0286952, -0.0232229, 0.0278645, 0.999342, -3.72529e-09, 0.0378638, -1.49012e-08 )
bones/44/enabled = true
bones/44/bound_children = [  ]
bones/45/name = "Index3.R"
bones/45/parent = 44
bones/45/rest = Transform( 0.999797, -0.0133239, -0.0150882, 0.013201, 0.999879, -0.00821789, 0.0151959, 0.00801704, 0.999852, 7.63685e-08, 0.0361431, -3.72529e-08 )
bones/45/enabled = true
bones/45/bound_children = [  ]
bones/46/name = "Middle1.R"
bones/46/parent = 40
bones/46/rest = Transform( 0.470903, 0.431959, 0.769196, -0.627058, 0.777197, -0.0525669, -0.620523, -0.457576, 0.636847, -0.000661312, 0.108409, -0.00190867 )
bones/46/enabled = true
bones/46/bound_children = [  ]
bones/47/name = "Middle2.R"
bones/47/parent = 46
bones/47/rest = Transform( 0.997633, -0.056243, -0.0395521, 0.057202, 0.998085, 0.0235474, 0.0381519, -0.0257541, 0.99894, -2.42144e-08, 0.0357479, -7.45058e-09 )
bones/47/enabled = true
bones/47/bound_children = [  ]
bones/48/name = "Middle3.R"
bones/48/parent = 47
bones/48/rest = Transform( 0.993337, 0.0831656, 0.0797756, -0.0841845, 0.996405, 0.00948942, -0.0786996, -0.0161421, 0.996768, -1.30385e-08, 0.0378635, -1.15484e-07 )
bones/48/enabled = true
bones/48/bound_children = [  ]
bones/49/name = "Ring1.R"
bones/49/parent = 40
bones/49/rest = Transform( 0.626709, 0.416019, 0.658911, -0.505982, 0.860318, -0.0619274, -0.592636, -0.294587, 0.749667, 0.0244131, 0.105543, 0.00933893 )
bones/49/enabled = true
bones/49/bound_children = [  ]
bones/50/name = "Ring2.R"
bones/50/parent = 49
bones/50/rest = Transform( 0.992348, 0.0993579, 0.0733055, -0.104378, 0.992199, 0.0681666, -0.0659607, -0.0752965, 0.994977, 4.74975e-08, 0.0291994, -9.49949e-08 )
bones/50/enabled = true
bones/50/bound_children = [  ]
bones/51/name = "Ring3.R"
bones/51/parent = 50
bones/51/rest = Transform( 0.969728, 0.177961, 0.167206, -0.183311, 0.982908, 0.0170024, -0.161323, -0.0471385, 0.985775, -5.4948e-08, 0.0354077, 6.51926e-08 )
bones/51/enabled = true
bones/51/bound_children = [  ]
bones/52/name = "Pinky1.R"
bones/52/parent = 40
bones/52/rest = Transform( 0.715048, 0.357053, 0.601016, -0.443896, 0.896069, -0.00422089, -0.540058, -0.26377, 0.799226, 0.0554049, 0.0906098, 0.0142605 )
bones/52/enabled = true
bones/52/bound_children = [  ]
bones/53/name = "Pinky2.R"
bones/53/parent = 52
bones/53/rest = Transform( 0.977348, 0.149422, 0.149882, -0.156603, 0.986959, 0.0372462, -0.142362, -0.0598744, 0.988002, 4.6799e-08, 0.0402216, 4.58676e-08 )
bones/53/enabled = true
bones/53/bound_children = [  ]
bones/54/name = "Pinky3.R"
bones/54/parent = 53
bones/54/rest = Transform( 0.993312, 0.0292486, 0.111699, -0.047812, 0.984742, 0.167323, -0.105101, -0.171545, 0.979554, -5.89062e-08, 0.0240141, -6.51926e-09 )
bones/54/enabled = true
bones/54/bound_children = [  ]
bones/55/name = "WeaponBone.R"
bones/55/parent = 40
bones/55/rest = Transform( 0.422758, -0.902289, -0.0845587, 0.749451, 0.295631, 0.592389, -0.509508, -0.31381, 0.801202, 2.14204e-08, 0.0950068, -1.84402e-07 )
bones/55/enabled = true
bones/55/bound_children = [  ]
bones/56/name = "WeaponDir.R"
bones/56/parent = 55
bones/56/rest = Transform( -0.174118, 0.959135, -0.22303, -0.643986, 0.0604332, 0.762646, 0.74496, 0.276418, 0.607147, 1.11759e-08, 0.701884, -3.35276e-08 )
bones/56/enabled = true
bones/56/bound_children = [  ]
bones/57/name = "FootIK.R"
bones/57/parent = -1
bones/57/rest = Transform( 1, 0, 0, 0, 0, 1, 0, -1, 0, -0.125468, 0.0738576, 0.00186595 )
bones/57/enabled = true
bones/57/bound_children = [  ]
bones/58/name = "Foot.R"
bones/58/parent = 57
bones/58/rest = Transform( 0.970019, -0.0520889, -0.23738, 0.0520882, -0.909501, 0.412426, -0.23738, -0.412425, -0.879521, -4.85778e-06, -9.73046e-06, -2.98023e-08 )
bones/58/enabled = true
bones/58/bound_children = [  ]
bones/59/name = "Toe.R"
bones/59/parent = 58
bones/59/rest = Transform( -0.970019, -0.0520883, -0.23738, 0.0520888, 0.909501, -0.412425, 0.23738, -0.412425, -0.87952, 6.0536e-09, 0.154514, -6.51926e-09 )
bones/59/enabled = true
bones/59/bound_children = [  ]
bones/60/name = "KneeTarget.R"
bones/60/parent = -1
bones/60/rest = Transform( -1, 0, 0, 0, 0, 1, 0, 1, 0, -0.306087, 0.57646, 1.00768 )
bones/60/enabled = true
bones/60/bound_children = [  ]
bones/61/name = "ElbowTarget.R"
bones/61/parent = -1
bones/61/rest = Transform( 1, 0, 0, 0, 0, 1, 0, -1, 0, -0.511555, 1.67286, -0.796591 )
bones/61/enabled = true
bones/61/bound_children = [  ]
